0 0.442623 0.813997
0.0322581 0.442623 0.718509
0.0645161 0.442623 0.628884
0.0967742 0.442623 0.561399
0.129032 0.442623 0.523192
0.16129 0.442623 0.507939
0.193548 0.442623 0.508385
0.225806 0.442623 0.515844
0.258065 0.442623 0.522699
0.290323 0.442623 0.532806
0.322581 0.442623 0.563948
0.354839 0.442623 0.582578
0.387097 0.442623 0.557217
0.419355 0.442623 0.705832
0.451613 0.442623 0.650198
0.483871 0.442623 0.75447
0.516129 0.442623 0.65728
0.548387 0.442623 0.733832
0.580645 0.442623 0.760291
0.612903 0.442623 0.775783
0.645161 0.442623 0.814586
0.677419 0.442623 0.856636
0.709677 0.442623 0.906478
0.741935 0.442623 0.964611
0.774194 0.442623 1.0308
0.806452 0.442623 1.10147
0.83871 0.442623 1.1839
0.870968 0.442623 1.29081
0.903226 0.442623 1.41775
0.935484 0.442623 1.55955
0 0.459016 0.80717
0.0322581 0.459016 0.711361
0.0645161 0.459016 0.620906
0.0967742 0.459016 0.553134
0.129032 0.459016 0.515284
0.16129 0.459016 0.50014
0.193548 0.459016 0.500493
0.225806 0.459016 0.506891
0.258065 0.459016 0.51265
0.290323 0.459016 0.530576
0.322581 0.459016 0.55408
0.354839 0.459016 0.547476
0.387097 0.459016 0.616426
0.419355 0.459016 0.704967
0.451613 0.459016 0.581597
0.483871 0.459016 0.755155
0.516129 0.459016 0.718209
0.548387 0.459016 0.696856
0.580645 0.459016 0.750921
0.612903 0.459016 0.775073
0.645161 0.459016 0.804316
0.677419 0.459016 0.848027
0.709677 0.459016 0.899335
0.741935 0.459016 0.957544
0.774194 0.459016 1.02443
0.806452 0.459016 1.09504
0.83871 0.459016 1.17717
0.870968 0.459016 1.28402
0.903226 0.459016 1.41108
0.935484 0.459016 1.55275
0 0.47541 0.799917
0.0322581 0.47541 0.704042
0.0645161 0.47541 0.613291
0.0967742 0.47541 0.545489
0.129032 0.47541 0.507873
0.16129 0.47541 0.493
0.193548 0.47541 0.492588
0.225806 0.47541 0.498248
0.258065 0.47541 0.507337
0.290323 0.47541 0.524632
0.322581 0.47541 0.53254
0.354839 0.47541 0.556946
0.387097 0.47541 0.635982
0.419355 0.47541 0.522834
0.451613 0.47541 0.629296
0.483871 0.47541 0.572215
0.516129 0.47541 0.736974
0.548387 0.47541 0.707782
0.580645 0.47541 0.729881
0.612903 0.47541 0.768812
0.645161 0.47541 0.799402
0.677419 0.47541 0.840014
0.709677 0.47541 0.89156
0.741935 0.47541 0.950685
0.774194 0.47541 1.01792
0.806452 0.47541 1.08818
0.83871 0.47541 1.17018
0.870968 0.47541 1.27682
0.903226 0.47541 1.40392
0.935484 0.47541 1.54549
0 0.491803 0
0.0322581 0.491803 1.63042e-322
