0 0 2.00846
0.0123457 0 2.00618
0.0246914 0 2.00476
0.037037 0 2.00385
0.0493827 0 2.00322
0.0617284 0 2.00277
0.0740741 0 2.00243
0.0864198 0 2.00218
0.0987654 0 2.00198
0.111111 0 2.00181
0.123457 0 2.00168
0.135802 0 2.00157
0.148148 0 2.00147
0.160494 0 2.00139
0.17284 0 2.00132
0.185185 0 2.00126
0.197531 0 2.0012
0.209877 0 2.00115
0.222222 0 2.00111
0.234568 0 2.00107
0.246914 0 2.00103
0.259259 0 2.001
0.271605 0 2.00096
0.283951 0 2.00094
0.296296 0 2.00091
0.308642 0 2.00088
0.320988 0 2.00086
0.333333 0 2.00084
0.345679 0 2.00081
0.358025 0 2.00079
0.37037 0 2.00077
0.382716 0 2.00075
0.395062 0 2.00074
0.407407 0 2.00072
0.419753 0 2.0007
0.432099 0 2.00068
0.444444 0 2.00066
0.45679 0 2.00065
0.469136 0 2.00063
0.481481 0 2.00061
0.493827 0 2.0006
0.506173 0 2.00058
0.518519 0 2.00056
0.530864 0 2.00055
0.54321 0 2.00053
0.555556 0 2.00051
0.567901 0 2.00049
0.580247 0 2.00047
0.592593 0 2.00045
0.604938 0 2.00044
0.617284 0 2.00042
0.62963 0 2.00039
0.641975 0 2.00037
0.654321 0 2.00035
0.666667 0 2.00033
0.679012 0 2.0003
0.691358 0 2.00028
0.703704 0 2.00025
0.716049 0 2.00022
0.728395 0 2.00019
0.740741 0 2.00016
0.753086 0 2.00012
0.765432 0 2.00008
0.777778 0 2.00004
0.790123 0 1.99999
0.802469 0 1.99994
0.814815 0 1.99988
0.82716 0 1.99982
0.839506 0 1.99975
0.851852 0 1.99967
0.864198 0 1.99957
0.876543 0 1.99946
0.888889 0 1.99932
0.901235 0 1.99915
0.91358 0 1.99894
0.925926 0 1.99865
0.938272 0 1.99826
0.950617 0 1.9977
0.962963 0 1.99684
0.975309 0 1.99547
0 0.0243902 2.00975
0.0123457 0.0243902 2.00806
0.0246914 0.0243902 2.00672
0.037037 0.0243902 2.00566
0.0493827 0.0243902 2.00484
0.0617284 0.0243902 2.00419
0.0740741 0.0243902 2.00367
0.0864198 0.0243902 2.00325
0.0987654 0.0243902 2.00291
0.111111 0.0243902 2.00262
0.123457 0.0243902 2.00238
0.135802 0.0243902 2.00218
0.148148 0.0243902 2.002
0.160494 0.0243902 2.00185
0.17284 0.0243902 2.00171
0.185185 0.0243902 2.00159
0.197531 0.0243902 2.00149
0.209877 0.0243902 2.00139
0.222222 0.0243902 2.00131
0.234568 0.0243902 2.00123
0.246914 0.0243902 2.00116
0.259259 0.0243902 2.00109
0.271605 0.0243902 2.00103
0.283951 0.0243902 2.00097
0.296296 0.0243902 2.00092
0.308642 0.0243902 2.00087
0.320988 0.0243902 2.00082
0.333333 0.0243902 2.00078
0.345679 0.0243902 2.00073
0.358025 0.0243902 2.00069
0.37037 0.0243902 2.00065
0.382716 0.0243902 2.00061
0.395062 0.0243902 2.00058
0.407407 0.0243902 2.00054
0.419753 0.0243902 2.0005
0.432099 0.0243902 2.00047
0.444444 0.0243902 2.00044
0.45679 0.0243902 2.0004
0.469136 0.0243902 2.00037
0.481481 0.0243902 2.00033
0.493827 0.0243902 2.0003
0.506173 0.0243902 2.00027
0.518519 0.0243902 2.00023
0.530864 0.0243902 2.0002
0.54321 0.0243902 2.00016
0.555556 0.0243902 2.00013
0.567901 0.0243902 2.00009
0.580247 0.0243902 2.00006
0.592593 0.0243902 2.00002
0.604938 0.0243902 1.99998
0.617284 0.0243902 1.99994
0.62963 0.0243902 1.9999
0.641975 0.0243902 1.99986
0.654321 0.0243902 1.99981
0.666667 0.0243902 1.99977
0.679012 0.0243902 1.99972
0.691358 0.0243902 1.99967
0.703704 0.0243902 1.99961
0.716049 0.0243902 1.99955
0.728395 0.0243902 1.99949
0.740741 0.0243902 1.99943
0.753086 0.0243902 1.99936
0.765432 0.0243902 1.99928
0.777778 0.0243902 1.9992
0.790123 0.0243902 1.99911
0.802469 0.0243902 1.99901
0.814815 0.0243902 1.9989
0.82716 0.0243902 1.99878
0.839506 0.0243902 1.99865
0.851852 0.0243902 1.9985
0.864198 0.0243902 1.99832
0.876543 0.0243902 1.99812
0.888889 0.0243902 1.99788
0.901235 0.0243902 1.9976
0.91358 0.0243902 1.99725
0.925926 0.0243902 1.99683
0.938272 0.0243902 1.99631
0.950617 0.0243902 1.99564
0.962963 0.0243902 1.99481
0.975309 0.0243902 1.99377
0 0.0487805 2.00865
0.0123457 0.0487805 2.00743
0.0246914 0.0487805 2.00634
0.037037 0.0487805 2.0054
0.0493827 0.0487805 2.00459
0.0617284 0.0487805 2.00391
0.0740741 0.0487805 2.00333
0.0864198 0.0487805 2.00284
0.0987654 0.0487805 2.00242
0.111111 0.0487805 2.00207
0.123457 0.0487805 2.00176
0.135802 0.0487805 2.00149
0.148148 0.0487805 2.00125
0.160494 0.0487805 2.00104
0.17284 0.0487805 2.00086
0.185185 0.0487805 2.00069
0.197531 0.0487805 2.00054
0.209877 0.0487805 2.00041
0.222222 0.0487805 2.00029
0.234568 0.0487805 2.00017
0.246914 0.0487805 2.00007
0.259259 0.0487805 1.99998
0.271605 0.0487805 1.99989
0.283951 0.0487805 1.9998
0.296296 0.0487805 1.99973
0.308642 0.0487805 1.99965
0.320988 0.0487805 1.99958
0.333333 0.0487805 1.99952
0.345679 0.0487805 1.99945
0.358025 0.0487805 1.99939
0.37037 0.0487805 1.99934
0.382716 0.0487805 1.99928
0.395062 0.0487805 1.99922
0.407407 0.0487805 1.99917
0.419753 0.0487805 1.99912
0.432099 0.0487805 1.99907
0.444444 0.0487805 1.99902
0.45679 0.0487805 1.99897
0.469136 0.0487805 1.99892
0.481481 0.0487805 1.99887
0.493827 0.0487805 1.99882
0.506173 0.0487805 1.99877
0.518519 0.0487805 1.99872
0.530864 0.0487805 1.99866
0.54321 0.0487805 1.99861
0.555556 0.0487805 1.99856
0.567901 0.0487805 1.99851
0.580247 0.0487805 1.99845
0.592593 0.0487805 1.9984
0.604938 0.0487805 1.99834
0.617284 0.0487805 1.99828
0.62963 0.0487805 1.99822
0.641975 0.0487805 1.99816
0.654321 0.0487805 1.99809
0.666667 0.0487805 1.99802
0.679012 0.0487805 1.99795
0.691358 0.0487805 1.99788
0.703704 0.0487805 1.9978
0.716049 0.0487805 1.99771
0.728395 0.0487805 1.99763
0.740741 0.0487805 1.99753
0.753086 0.0487805 1.99743
0.765432 0.0487805 1.99732
0.777778 0.0487805 1.9972
0.790123 0.0487805 1.99707
0.802469 0.0487805 1.99693
0.814815 0.0487805 1.99678
0.82716 0.0487805 1.99661
0.839506 0.0487805 1.99643
0.851852 0.0487805 1.99622
0.864198 0.0487805 1.99599
0.876543 0.0487805 1.99573
0.888889 0.0487805 1.99543
0.901235 0.0487805 1.99508
0.91358 0.0487805 1.99469
0.925926 0.0487805 1.99423
0.938272 0.0487805 1.9937
0.950617 0.0487805 1.99308
0.962963 0.0487805 1.99238
0.975309 0.0487805 1.9916
0 0.0731707 2.00602
0.0123457 0.0731707 2.00508
0.0246914 0.0731707 2.0042
0.037037 0.0731707 2.0034
0.0493827 0.0731707 2.00268
0.0617284 0.0731707 2.00203
0.0740741 0.0731707 2.00146
0.0864198 0.0731707 2.00096
0.0987654 0.0731707 2.00052
0.111111 0.0731707 2.00013
0.123457 0.0731707 1.99978
0.135802 0.0731707 1.99948
0.148148 0.0731707 1.9992
0.160494 0.0731707 1.99896
0.17284 0.0731707 1.99874
0.185185 0.0731707 1.99854
0.197531 0.0731707 1.99835
0.209877 0.0731707 1.99819
0.222222 0.0731707 1.99804
0.234568 0.0731707 1.9979
0.246914 0.0731707 1.99777
0.259259 0.0731707 1.99765
0.271605 0.0731707 1.99753
0.283951 0.0731707 1.99743
0.296296 0.0731707 1.99733
0.308642 0.0731707 1.99724
0.320988 0.0731707 1.99715
0.333333 0.0731707 1.99706
0.345679 0.0731707 1.99698
0.358025 0.0731707 1.9969
0.37037 0.0731707 1.99682
0.382716 0.0731707 1.99675
0.395062 0.0731707 1.99668
0.407407 0.0731707 1.99661
0.419753 0.0731707 1.99654
0.432099 0.0731707 1.99647
0.444444 0.0731707 1.99641
0.45679 0.0731707 1.99634
0.469136 0.0731707 1.99627
0.481481 0.0731707 1.99621
0.493827 0.0731707 1.99614
0.506173 0.0731707 1.99608
0.518519 0.0731707 1.99601
0.530864 0.0731707 1.99594
0.54321 0.0731707 1.99588
0.555556 0.0731707 1.99581
0.567901 0.0731707 1.99574
0.580247 0.0731707 1.99567
0.592593 0.0731707 1.99559
0.604938 0.0731707 1.99552
0.617284 0.0731707 1.99544
0.62963 0.0731707 1.99536
0.641975 0.0731707 1.99528
0.654321 0.0731707 1.9952
0.666667 0.0731707 1.99511
0.679012 0.0731707 1.99501
0.691358 0.0731707 1.99492
0.703704 0.0731707 1.99481
0.716049 0.0731707 1.99471
0.728395 0.0731707 1.99459
0.740741 0.0731707 1.99447
0.753086 0.0731707 1.99434
0.765432 0.0731707 1.9942
0.777778 0.0731707 1.99405
0.790123 0.0731707 1.99389
0.802469 0.0731707 1.99372
0.814815 0.0731707 1.99353
0.82716 0.0731707 1.99332
0.839506 0.0731707 1.9931
0.851852 0.0731707 1.99286
0.864198 0.0731707 1.99258
0.876543 0.0731707 1.99229
0.888889 0.0731707 1.99195
0.901235 0.0731707 1.99159
0.91358 0.0731707 1.99118
0.925926 0.0731707 1.99072
0.938272 0.0731707 1.99022
0.950617 0.0731707 1.98967
0.962963 0.0731707 1.98907
0.975309 0.0731707 1.98844
0 0.097561 2.00206
0.0123457 0.097561 2.0013
0.0246914 0.097561 2.00058
0.037037 0.097561 1.9999
0.0493827 0.097561 1.99926
0.0617284 0.097561 1.99868
0.0740741 0.097561 1.99815
0.0864198 0.097561 1.99767
0.0987654 0.097561 1.99723
0.111111 0.097561 1.99683
0.123457 0.097561 1.99647
0.135802 0.097561 1.99615
0.148148 0.097561 1.99586
0.160494 0.097561 1.99559
0.17284 0.097561 1.99534
0.185185 0.097561 1.99512
0.197531 0.097561 1.99492
0.209877 0.097561 1.99473
0.222222 0.097561 1.99455
0.234568 0.097561 1.99439
0.246914 0.097561 1.99424
0.259259 0.097561 1.9941
0.271605 0.097561 1.99397
0.283951 0.097561 1.99384
0.296296 0.097561 1.99372
0.308642 0.097561 1.99361
0.320988 0.097561 1.99351
0.333333 0.097561 1.9934
0.345679 0.097561 1.9933
0.358025 0.097561 1.99321
0.37037 0.097561 1.99312
0.382716 0.097561 1.99303
0.395062 0.097561 1.99294
0.407407 0.097561 1.99286
0.419753 0.097561 1.99277
0.432099 0.097561 1.99269
0.444444 0.097561 1.99261
0.45679 0.097561 1.99253
0.469136 0.097561 1.99245
0.481481 0.097561 1.99237
0.493827 0.097561 1.99228
0.506173 0.097561 1.9922
0.518519 0.097561 1.99212
0.530864 0.097561 1.99204
0.54321 0.097561 1.99196
0.555556 0.097561 1.99187
0.567901 0.097561 1.99179
0.580247 0.097561 1.9917
0.592593 0.097561 1.99161
0.604938 0.097561 1.99152
0.617284 0.097561 1.99143
0.62963 0.097561 1.99133
0.641975 0.097561 1.99123
0.654321 0.097561 1.99113
0.666667 0.097561 1.99102
0.679012 0.097561 1.99091
0.691358 0.097561 1.99079
0.703704 0.097561 1.99067
0.716049 0.097561 1.99054
0.728395 0.097561 1.9904
0.740741 0.097561 1.99025
0.753086 0.097561 1.9901
0.765432 0.097561 1.98994
0.777778 0.097561 1.98976
0.790123 0.097561 1.98957
0.802469 0.097561 1.98937
0.814815 0.097561 1.98916
0.82716 0.097561 1.98892
0.839506 0.097561 1.98867
0.851852 0.097561 1.9884
0.864198 0.097561 1.98811
0.876543 0.097561 1.98779
0.888889 0.097561 1.98744
0.901235 0.097561 1.98706
0.91358 0.097561 1.98666
0.925926 0.097561 1.98622
0.938272 0.097561 1.98575
0.950617 0.097561 1.98525
0.962963 0.097561 1.98473
0.975309 0.097561 1.98418
0 0.121951 1.99685
0.0123457 0.121951 1.99622
0.0246914 0.121951 1.99561
0.037037 0.121951 1.99502
0.0493827 0.121951 1.99447
0.0617284 0.121951 1.99395
0.0740741 0.121951 1.99346
0.0864198 0.121951 1.99301
0.0987654 0.121951 1.99259
0.111111 0.121951 1.9922
0.123457 0.121951 1.99185
0.135802 0.121951 1.99152
0.148148 0.121951 1.99122
0.160494 0.121951 1.99095
0.17284 0.121951 1.99069
0.185185 0.121951 1.99045
0.197531 0.121951 1.99023
0.209877 0.121951 1.99003
0.222222 0.121951 1.98984
0.234568 0.121951 1.98966
0.246914 0.121951 1.98949
0.259259 0.121951 1.98934
0.271605 0.121951 1.98919
0.283951 0.121951 1.98905
0.296296 0.121951 1.98891
0.308642 0.121951 1.98878
0.320988 0.121951 1.98866
0.333333 0.121951 1.98855
0.345679 0.121951 1.98843
0.358025 0.121951 1.98832
0.37037 0.121951 1.98822
0.382716 0.121951 1.98811
0.395062 0.121951 1.98801
0.407407 0.121951 1.98791
0.419753 0.121951 1.98781
0.432099 0.121951 1.98772
0.444444 0.121951 1.98762
0.45679 0.121951 1.98753
0.469136 0.121951 1.98743
0.481481 0.121951 1.98734
0.493827 0.121951 1.98724
0.506173 0.121951 1.98715
0.518519 0.121951 1.98705
0.530864 0.121951 1.98696
0.54321 0.121951 1.98686
0.555556 0.121951 1.98676
0.567901 0.121951 1.98666
0.580247 0.121951 1.98656
0.592593 0.121951 1.98646
0.604938 0.121951 1.98635
0.617284 0.121951 1.98624
0.62963 0.121951 1.98613
0.641975 0.121951 1.98601
0.654321 0.121951 1.98589
0.666667 0.121951 1.98577
0.679012 0.121951 1.98564
0.691358 0.121951 1.9855
0.703704 0.121951 1.98536
0.716049 0.121951 1.98521
0.728395 0.121951 1.98506
0.740741 0.121951 1.98489
0.753086 0.121951 1.98472
0.765432 0.121951 1.98453
0.777778 0.121951 1.98434
0.790123 0.121951 1.98413
0.802469 0.121951 1.9839
0.814815 0.121951 1.98367
0.82716 0.121951 1.98341
0.839506 0.121951 1.98314
0.851852 0.121951 1.98285
0.864198 0.121951 1.98254
0.876543 0.121951 1.98221
0.888889 0.121951 1.98185
0.901235 0.121951 1.98148
0.91358 0.121951 1.98108
0.925926 0.121951 1.98066
0.938272 0.121951 1.98021
0.950617 0.121951 1.97975
0.962963 0.121951 1.97927
0.975309 0.121951 1.97878
0 0.146341 1.99042
0.0123457 0.146341 1.98989
0.0246914 0.146341 1.98936
0.037037 0.146341 1.98885
0.0493827 0.146341 1.98836
0.0617284 0.146341 1.98789
0.0740741 0.146341 1.98745
0.0864198 0.146341 1.98704
0.0987654 0.146341 1.98664
0.111111 0.146341 1.98628
0.123457 0.146341 1.98593
0.135802 0.146341 1.98561
0.148148 0.146341 1.98532
0.160494 0.146341 1.98504
0.17284 0.146341 1.98478
0.185185 0.146341 1.98453
0.197531 0.146341 1.98431
0.209877 0.146341 1.98409
0.222222 0.146341 1.98389
0.234568 0.146341 1.9837
0.246914 0.146341 1.98353
0.259259 0.146341 1.98336
0.271605 0.146341 1.9832
0.283951 0.146341 1.98304
0.296296 0.146341 1.9829
0.308642 0.146341 1.98276
0.320988 0.146341 1.98262
0.333333 0.146341 1.98249
0.345679 0.146341 1.98236
0.358025 0.146341 1.98224
0.37037 0.146341 1.98212
0.382716 0.146341 1.98201
0.395062 0.146341 1.98189
0.407407 0.146341 1.98178
0.419753 0.146341 1.98167
0.432099 0.146341 1.98156
0.444444 0.146341 1.98145
0.45679 0.146341 1.98134
0.469136 0.146341 1.98124
0.481481 0.146341 1.98113
0.493827 0.146341 1.98102
0.506173 0.146341 1.98091
0.518519 0.146341 1.98081
0.530864 0.146341 1.9807
0.54321 0.146341 1.98059
0.555556 0.146341 1.98047
0.567901 0.146341 1.98036
0.580247 0.146341 1.98024
0.592593 0.146341 1.98013
0.604938 0.146341 1.98001
0.617284 0.146341 1.97988
0.62963 0.146341 1.97976
0.641975 0.146341 1.97962
0.654321 0.146341 1.97949
0.666667 0.146341 1.97935
0.679012 0.146341 1.97921
0.691358 0.146341 1.97906
0.703704 0.146341 1.9789
0.716049 0.146341 1.97874
0.728395 0.146341 1.97856
0.740741 0.146341 1.97838
0.753086 0.146341 1.97819
0.765432 0.146341 1.97799
0.777778 0.146341 1.97778
0.790123 0.146341 1.97755
0.802469 0.146341 1.97731
0.814815 0.146341 1.97706
0.82716 0.146341 1.97679
0.839506 0.146341 1.9765
0.851852 0.146341 1.9762
0.864198 0.146341 1.97587
0.876543 0.146341 1.97553
0.888889 0.146341 1.97518
0.901235 0.146341 1.9748
0.91358 0.146341 1.97441
0.925926 0.146341 1.97399
0.938272 0.146341 1.97357
0.950617 0.146341 1.97313
0.962963 0.146341 1.97268
0.975309 0.146341 1.97222
0 0.170732 1.9828
0.0123457 0.170732 1.98233
0.0246914 0.170732 1.98187
0.037037 0.170732 1.98142
0.0493827 0.170732 1.98099
0.0617284 0.170732 1.98057
0.0740741 0.170732 1.98017
0.0864198 0.170732 1.97979
0.0987654 0.170732 1.97942
0.111111 0.170732 1.97908
0.123457 0.170732 1.97875
0.135802 0.170732 1.97844
0.148148 0.170732 1.97815
0.160494 0.170732 1.97788
0.17284 0.170732 1.97762
0.185185 0.170732 1.97738
0.197531 0.170732 1.97715
0.209877 0.170732 1.97693
0.222222 0.170732 1.97673
0.234568 0.170732 1.97653
0.246914 0.170732 1.97634
0.259259 0.170732 1.97617
0.271605 0.170732 1.976
0.283951 0.170732 1.97583
0.296296 0.170732 1.97568
0.308642 0.170732 1.97553
0.320988 0.170732 1.97538
0.333333 0.170732 1.97524
0.345679 0.170732 1.97511
0.358025 0.170732 1.97497
0.37037 0.170732 1.97484
0.382716 0.170732 1.97472
0.395062 0.170732 1.97459
0.407407 0.170732 1.97447
0.419753 0.170732 1.97434
0.432099 0.170732 1.97422
0.444444 0.170732 1.9741
0.45679 0.170732 1.97398
0.469136 0.170732 1.97387
0.481481 0.170732 1.97375
0.493827 0.170732 1.97363
0.506173 0.170732 1.97351
0.518519 0.170732 1.97339
0.530864 0.170732 1.97326
0.54321 0.170732 1.97314
0.555556 0.170732 1.97302
0.567901 0.170732 1.97289
0.580247 0.170732 1.97276
0.592593 0.170732 1.97263
0.604938 0.170732 1.9725
0.617284 0.170732 1.97236
0.62963 0.170732 1.97222
0.641975 0.170732 1.97208
0.654321 0.170732 1.97193
0.666667 0.170732 1.97178
0.679012 0.170732 1.97162
0.691358 0.170732 1.97146
0.703704 0.170732 1.97129
0.716049 0.170732 1.97111
0.728395 0.170732 1.97093
0.740741 0.170732 1.97074
0.753086 0.170732 1.97053
0.765432 0.170732 1.97032
0.777778 0.170732 1.97009
0.790123 0.170732 1.96986
0.802469 0.170732 1.9696
0.814815 0.170732 1.96933
0.82716 0.170732 1.96905
0.839506 0.170732 1.96875
0.851852 0.170732 1.96844
0.864198 0.170732 1.9681
0.876543 0.170732 1.96775
0.888889 0.170732 1.96739
0.901235 0.170732 1.96701
0.91358 0.170732 1.96662
0.925926 0.170732 1.96622
0.938272 0.170732 1.9658
0.950617 0.170732 1.96537
0.962963 0.170732 1.96494
0.975309 0.170732 1.9645
0 0.195122 1.97398
0.0123457 0.195122 1.97357
0.0246914 0.195122 1.97317
0.037037 0.195122 1.97277
0.0493827 0.195122 1.97238
0.0617284 0.195122 1.972
0.0740741 0.195122 1.97164
0.0864198 0.195122 1.97129
0.0987654 0.195122 1.97096
0.111111 0.195122 1.97063
0.123457 0.195122 1.97033
0.135802 0.195122 1.97003
0.148148 0.195122 1.96976
0.160494 0.195122 1.96949
0.17284 0.195122 1.96924
0.185185 0.195122 1.969
0.197531 0.195122 1.96877
0.209877 0.195122 1.96855
0.222222 0.195122 1.96835
0.234568 0.195122 1.96815
0.246914 0.195122 1.96796
0.259259 0.195122 1.96777
0.271605 0.195122 1.9676
0.283951 0.195122 1.96743
0.296296 0.195122 1.96727
0.308642 0.195122 1.96711
0.320988 0.195122 1.96696
0.333333 0.195122 1.96681
0.345679 0.195122 1.96666
0.358025 0.195122 1.96652
0.37037 0.195122 1.96638
0.382716 0.195122 1.96624
0.395062 0.195122 1.96611
0.407407 0.195122 1.96597
0.419753 0.195122 1.96584
0.432099 0.195122 1.96571
0.444444 0.195122 1.96558
0.45679 0.195122 1.96545
0.469136 0.195122 1.96532
0.481481 0.195122 1.96519
0.493827 0.195122 1.96506
0.506173 0.195122 1.96493
0.518519 0.195122 1.9648
0.530864 0.195122 1.96466
0.54321 0.195122 1.96453
0.555556 0.195122 1.96439
0.567901 0.195122 1.96426
0.580247 0.195122 1.96412
0.592593 0.195122 1.96397
0.604938 0.195122 1.96383
0.617284 0.195122 1.96368
0.62963 0.195122 1.96353
0.641975 0.195122 1.96337
0.654321 0.195122 1.96322
0.666667 0.195122 1.96305
0.679012 0.195122 1.96289
0.691358 0.195122 1.96271
0.703704 0.195122 1.96253
0.716049 0.195122 1.96235
0.728395 0.195122 1.96216
0.740741 0.195122 1.96196
0.753086 0.195122 1.96174
0.765432 0.195122 1.96152
0.777778 0.195122 1.96129
0.790123 0.195122 1.96104
0.802469 0.195122 1.96078
0.814815 0.195122 1.9605
0.82716 0.195122 1.9602
0.839506 0.195122 1.95989
0.851852 0.195122 1.95957
0.864198 0.195122 1.95922
0.876543 0.195122 1.95886
0.888889 0.195122 1.95849
0.901235 0.195122 1.95811
0.91358 0.195122 1.95771
0.925926 0.195122 1.95731
0.938272 0.195122 1.95689
0.950617 0.195122 1.95647
0.962963 0.195122 1.95605
0.975309 0.195122 1.95562
0 0.219512 1.96399
0.0123457 0.219512 1.96362
0.0246914 0.219512 1.96326
0.037037 0.219512 1.96291
0.0493827 0.219512 1.96256
0.0617284 0.219512 1.96222
0.0740741 0.219512 1.96189
0.0864198 0.219512 1.96157
0.0987654 0.219512 1.96126
0.111111 0.219512 1.96097
0.123457 0.219512 1.96068
0.135802 0.219512 1.9604
0.148148 0.219512 1.96014
0.160494 0.219512 1.95988
0.17284 0.219512 1.95964
0.185185 0.219512 1.95941
0.197531 0.219512 1.95918
0.209877 0.219512 1.95897
0.222222 0.219512 1.95876
0.234568 0.219512 1.95856
0.246914 0.219512 1.95837
0.259259 0.219512 1.95819
0.271605 0.219512 1.95801
0.283951 0.219512 1.95784
0.296296 0.219512 1.95767
0.308642 0.219512 1.9575
0.320988 0.219512 1.95735
0.333333 0.219512 1.95719
0.345679 0.219512 1.95704
0.358025 0.219512 1.95689
0.37037 0.219512 1.95674
0.382716 0.219512 1.9566
0.395062 0.219512 1.95645
0.407407 0.219512 1.95631
0.419753 0.219512 1.95617
0.432099 0.219512 1.95603
0.444444 0.219512 1.95589
0.45679 0.219512 1.95575
0.469136 0.219512 1.95561
0.481481 0.219512 1.95547
0.493827 0.219512 1.95533
0.506173 0.219512 1.95519
0.518519 0.219512 1.95505
0.530864 0.219512 1.9549
0.54321 0.219512 1.95476
0.555556 0.219512 1.95461
0.567901 0.219512 1.95446
0.580247 0.219512 1.95431
0.592593 0.219512 1.95416
0.604938 0.219512 1.954
0.617284 0.219512 1.95384
0.62963 0.219512 1.95368
0.641975 0.219512 1.95352
0.654321 0.219512 1.95335
0.666667 0.219512 1.95318
0.679012 0.219512 1.953
0.691358 0.219512 1.95282
0.703704 0.219512 1.95264
0.716049 0.219512 1.95245
0.728395 0.219512 1.95225
0.740741 0.219512 1.95204
0.753086 0.219512 1.95183
0.765432 0.219512 1.95161
0.777778 0.219512 1.95137
0.790123 0.219512 1.95112
0.802469 0.219512 1.95085
0.814815 0.219512 1.95056
0.82716 0.219512 1.95026
0.839506 0.219512 1.94993
0.851852 0.219512 1.94959
0.864198 0.219512 1.94923
0.876543 0.219512 1.94886
0.888889 0.219512 1.94847
0.901235 0.219512 1.94808
0.91358 0.219512 1.94768
0.925926 0.219512 1.94727
0.938272 0.219512 1.94685
0.950617 0.219512 1.94643
0.962963 0.219512 1.946
0.975309 0.219512 1.94558
0 0.243902 1.95283
0.0123457 0.243902 1.9525
0.0246914 0.243902 1.95218
0.037037 0.243902 1.95186
0.0493827 0.243902 1.95155
0.0617284 0.243902 1.95124
0.0740741 0.243902 1.95094
0.0864198 0.243902 1.95065
0.0987654 0.243902 1.95037
0.111111 0.243902 1.95009
0.123457 0.243902 1.94982
0.135802 0.243902 1.94957
0.148148 0.243902 1.94932
0.160494 0.243902 1.94908
0.17284 0.243902 1.94884
0.185185 0.243902 1.94862
0.197531 0.243902 1.9484
0.209877 0.243902 1.94819
0.222222 0.243902 1.94799
0.234568 0.243902 1.94779
0.246914 0.243902 1.9476
0.259259 0.243902 1.94742
0.271605 0.243902 1.94724
0.283951 0.243902 1.94706
0.296296 0.243902 1.94689
0.308642 0.243902 1.94672
0.320988 0.243902 1.94656
0.333333 0.243902 1.9464
0.345679 0.243902 1.94624
0.358025 0.243902 1.94609
0.37037 0.243902 1.94593
0.382716 0.243902 1.94578
0.395062 0.243902 1.94563
0.407407 0.243902 1.94548
0.419753 0.243902 1.94533
0.432099 0.243902 1.94518
0.444444 0.243902 1.94504
0.45679 0.243902 1.94489
0.469136 0.243902 1.94474
0.481481 0.243902 1.94459
0.493827 0.243902 1.94444
0.506173 0.243902 1.94429
0.518519 0.243902 1.94414
0.530864 0.243902 1.94399
0.54321 0.243902 1.94383
0.555556 0.243902 1.94367
0.567901 0.243902 1.94352
0.580247 0.243902 1.94336
0.592593 0.243902 1.94319
0.604938 0.243902 1.94303
0.617284 0.243902 1.94286
0.62963 0.243902 1.94269
0.641975 0.243902 1.94252
0.654321 0.243902 1.94234
0.666667 0.243902 1.94216
0.679012 0.243902 1.94198
0.691358 0.243902 1.94179
0.703704 0.243902 1.9416
0.716049 0.243902 1.94141
0.728395 0.243902 1.94121
0.740741 0.243902 1.94101
0.753086 0.243902 1.9408
0.765432 0.243902 1.94058
0.777778 0.243902 1.94035
0.790123 0.243902 1.9401
0.802469 0.243902 1.93983
0.814815 0.243902 1.93954
0.82716 0.243902 1.93922
0.839506 0.243902 1.93888
0.851852 0.243902 1.93851
0.864198 0.243902 1.93813
0.876543 0.243902 1.93774
0.888889 0.243902 1.93733
0.901235 0.243902 1.93692
0.91358 0.243902 1.93651
0.925926 0.243902 1.93609
0.938272 0.243902 1.93566
0.950617 0.243902 1.93524
0.962963 0.243902 1.93481
0.975309 0.243902 1.93438
0 0.268293 1.9405
0.0123457 0.268293 1.94021
0.0246914 0.268293 1.93993
0.037037 0.268293 1.93964
0.0493827 0.268293 1.93936
0.0617284 0.268293 1.93908
0.0740741 0.268293 1.93881
0.0864198 0.268293 1.93855
0.0987654 0.268293 1.93828
0.111111 0.268293 1.93803
0.123457 0.268293 1.93778
0.135802 0.268293 1.93754
0.148148 0.268293 1.93731
0.160494 0.268293 1.93708
0.17284 0.268293 1.93686
0.185185 0.268293 1.93664
0.197531 0.268293 1.93643
0.209877 0.268293 1.93623
0.222222 0.268293 1.93603
0.234568 0.268293 1.93584
0.246914 0.268293 1.93565
0.259259 0.268293 1.93547
0.271605 0.268293 1.93529
0.283951 0.268293 1.93511
0.296296 0.268293 1.93494
0.308642 0.268293 1.93477
0.320988 0.268293 1.93461
0.333333 0.268293 1.93444
0.345679 0.268293 1.93428
0.358025 0.268293 1.93412
0.37037 0.268293 1.93396
0.382716 0.268293 1.93381
0.395062 0.268293 1.93365
0.407407 0.268293 1.93349
0.419753 0.268293 1.93334
0.432099 0.268293 1.93318
0.444444 0.268293 1.93303
0.45679 0.268293 1.93287
0.469136 0.268293 1.93272
0.481481 0.268293 1.93256
0.493827 0.268293 1.9324
0.506173 0.268293 1.93224
0.518519 0.268293 1.93208
0.530864 0.268293 1.93192
0.54321 0.268293 1.93176
0.555556 0.268293 1.93159
0.567901 0.268293 1.93142
0.580247 0.268293 1.93125
0.592593 0.268293 1.93108
0.604938 0.268293 1.93091
0.617284 0.268293 1.93073
0.62963 0.268293 1.93055
0.641975 0.268293 1.93037
0.654321 0.268293 1.93019
0.666667 0.268293 1.93
0.679012 0.268293 1.92981
0.691358 0.268293 1.92962
0.703704 0.268293 1.92943
0.716049 0.268293 1.92924
0.728395 0.268293 1.92904
0.740741 0.268293 1.92884
0.753086 0.268293 1.92864
0.765432 0.268293 1.92844
0.777778 0.268293 1.92823
0.790123 0.268293 1.92801
0.802469 0.268293 1.92776
0.814815 0.268293 1.92747
0.82716 0.268293 1.92713
0.839506 0.268293 1.92675
0.851852 0.268293 1.92634
0.864198 0.268293 1.92592
0.876543 0.268293 1.9255
0.888889 0.268293 1.92507
0.901235 0.268293 1.92464
0.91358 0.268293 1.9242
0.925926 0.268293 1.92377
0.938272 0.268293 1.92333
0.950617 0.268293 1.9229
0.962963 0.268293 1.92246
0.975309 0.268293 1.92203
0 0.292683 1.92703
0.0123457 0.292683 1.92677
0.0246914 0.292683 1.92652
0.037037 0.292683 1.92626
0.0493827 0.292683 1.92601
0.0617284 0.292683 1.92576
0.0740741 0.292683 1.92551
0.0864198 0.292683 1.92527
0.0987654 0.292683 1.92503
0.111111 0.292683 1.9248
0.123457 0.292683 1.92457
0.135802 0.292683 1.92434
0.148148 0.292683 1.92413
0.160494 0.292683 1.92391
0.17284 0.292683 1.9237
0.185185 0.292683 1.9235
0.197531 0.292683 1.9233
0.209877 0.292683 1.9231
0.222222 0.292683 1.92291
0.234568 0.292683 1.92272
0.246914 0.292683 1.92254
0.259259 0.292683 1.92236
0.271605 0.292683 1.92218
0.283951 0.292683 1.92201
0.296296 0.292683 1.92183
0.308642 0.292683 1.92166
0.320988 0.292683 1.9215
0.333333 0.292683 1.92133
0.345679 0.292683 1.92117
0.358025 0.292683 1.921
0.37037 0.292683 1.92084
0.382716 0.292683 1.92068
0.395062 0.292683 1.92052
0.407407 0.292683 1.92036
0.419753 0.292683 1.9202
0.432099 0.292683 1.92004
0.444444 0.292683 1.91988
0.45679 0.292683 1.91971
0.469136 0.292683 1.91955
0.481481 0.292683 1.91939
0.493827 0.292683 1.91922
0.506173 0.292683 1.91905
0.518519 0.292683 1.91888
0.530864 0.292683 1.91871
0.54321 0.292683 1.91854
0.555556 0.292683 1.91837
0.567901 0.292683 1.91819
0.580247 0.292683 1.91801
0.592593 0.292683 1.91783
0.604938 0.292683 1.91765
0.617284 0.292683 1.91746
0.62963 0.292683 1.91728
0.641975 0.292683 1.91709
0.654321 0.292683 1.9169
0.666667 0.292683 1.9167
0.679012 0.292683 1.91651
0.691358 0.292683 1.91631
0.703704 0.292683 1.91612
0.716049 0.292683 1.91592
0.728395 0.292683 1.91573
0.740741 0.292683 1.91554
0.753086 0.292683 1.91536
0.765432 0.292683 1.91518
0.777778 0.292683 1.91502
0.790123 0.292683 1.91486
0.802469 0.292683 1.91469
0.814815 0.292683 1.91447
0.82716 0.292683 1.91404
0.839506 0.292683 1.91357
0.851852 0.292683 1.91308
0.864198 0.292683 1.9126
0.876543 0.292683 1.91213
0.888889 0.292683 1.91166
0.901235 0.292683 1.91121
0.91358 0.292683 1.91076
0.925926 0.292683 1.91031
0.938272 0.292683 1.90986
0.950617 0.292683 1.90942
0.962963 0.292683 1.90897
0.975309 0.292683 1.90853
0 0.317073 1.91242
0.0123457 0.317073 1.91219
0.0246914 0.317073 1.91196
0.037037 0.317073 1.91173
0.0493827 0.317073 1.9115
0.0617284 0.317073 1.91128
0.0740741 0.317073 1.91105
0.0864198 0.317073 1.91084
0.0987654 0.317073 1.91062
0.111111 0.317073 1.91041
0.123457 0.317073 1.9102
0.135802 0.317073 1.90999
0.148148 0.317073 1.90979
0.160494 0.317073 1.90959
0.17284 0.317073 1.90939
0.185185 0.317073 1.9092
0.197531 0.317073 1.90901
0.209877 0.317073 1.90882
0.222222 0.317073 1.90863
0.234568 0.317073 1.90845
0.246914 0.317073 1.90827
0.259259 0.317073 1.9081
0.271605 0.317073 1.90792
0.283951 0.317073 1.90775
0.296296 0.317073 1.90758
0.308642 0.317073 1.90741
0.320988 0.317073 1.90724
0.333333 0.317073 0.622957
0.345679 0.317073 0.611316
