0.313725 0.557377 6.80783
0.333333 0.557377 7.01792
0.352941 0.557377 7.20619
0.372549 0.557377 7.37272
0.392157 0.557377 7.51748
0.411765 0.557377 7.64043
0.431373 0.557377 7.7414
0.45098 0.557377 7.82011
0.470588 0.557377 7.87615
0.490196 0.557377 7.90903
0.509804 0.557377 7.91814
0.529412 0.557377 7.90281
0.54902 0.557377 7.8623
0.568627 0.557377 7.79582
0.588235 0.557377 7.70255
0.607843 0.557377 7.5816
0.627451 0.557377 7.43204
0.647059 0.557377 7.25288
0.666667 0.557377 7.04306
0.686275 0.557377 6.80135
0.705882 0.557377 6.52628
0.72549 0.557377 6.21566
0.745098 0.557377 5.86531
0.764706 0.557377 5.46366
0.784314 0.557377 4.96648
0.803922 0.557377 4.66139
0.823529 0.557377 4.26223
0.843137 0.557377 3.81485
0.862745 0.557377 3.33261
0.882353 0.557377 2.82182
0.901961 0.557377 2.28717
0.921569 0.557377 1.73305
0.941176 0.557377 1.16397
0.960784 0.557377 0.584648
0 0.57377 0.567218
0.0196078 0.57377 1.13001
0.0392157 0.57377 1.68438
0.0588235 0.57377 2.22666
0.0784314 0.57377 2.75354
0.0980392 0.57377 3.26222
0.117647 0.57377 3.75041
0.137255 0.57377 4.2163
0.156863 0.57377 4.65861
0.176471 0.57377 5.07647
0.196078 0.57377 5.46939
0.215686 0.57377 5.83724
0.235294 0.57377 6.18013
0.254902 0.57377 6.49837
0.27451 0.57377 6.79239
0.294118 0.57377 7.06262
0.313725 0.57377 7.3094
0.333333 0.57377 7.53299
0.352941 0.57377 7.73352
0.372549 0.57377 7.91107
0.392157 0.57377 8.06573
0.411765 0.57377 8.19749
0.431373 0.57377 8.30623
0.45098 0.57377 8.39167
0.470588 0.57377 8.45338
0.490196 0.57377 8.49079
0.509804 0.57377 8.50322
0.529412 0.57377 8.48989
0.54902 0.57377 8.45
0.568627 0.57377 8.38264
0.588235 0.57377 8.28688
0.607843 0.57377 8.16174
0.627451 0.57377 8.00615
0.647059 0.57377 7.819
0.666667 0.57377 7.59908
0.686275 0.57377 7.34509
0.705882 0.57377 7.0555
0.72549 0.57377 6.72843
0.745098 0.57377 6.36136
0.764706 0.57377 5.95143
0.784314 0.57377 5.5028
0.803922 0.57377 5.09181
0.823529 0.57377 4.6434
0.843137 0.57377 4.15482
0.862745 0.57377 3.63065
0.882353 0.57377 3.07551
0.901961 0.57377 2.49387
0.921569 0.57377 1.89039
0.941176 0.57377 1.27
0.960784 0.57377 0.638013
0 0.590164 0.615587
0.0196078 0.590164 1.22606
0.0392157 0.590164 1.82678
0.0588235 0.590164 2.41351
0.0784314 0.590164 2.9825
0.0980392 0.590164 3.53064
0.117647 0.590164 4.05542
0.137255 0.590164 4.55501
0.156863 0.590164 5.02814
0.176471 0.590164 5.4741
0.196078 0.590164 5.89261
0.215686 0.590164 6.28378
0.235294 0.590164 6.64797
0.254902 0.590164 6.98575
0.27451 0.590164 7.29774
0.294118 0.590164 7.58453
0.313725 0.590164 7.84658
0.333333 0.590164 8.08416
0.352941 0.590164 8.29742
0.372549 0.590164 8.48644
0.392157 0.590164 8.65139
0.411765 0.590164 8.7924
0.431373 0.590164 8.90939
0.45098 0.590164 9.00211
0.470588 0.590164 9.07005
0.490196 0.590164 9.11256
0.509804 0.590164 9.12887
0.529412 0.590164 9.11811
0.54902 0.590164 9.07934
0.568627 0.590164 9.01157
0.588235 0.590164 8.91377
0.607843 0.590164 8.78482
0.627451 0.590164 8.62357
0.647059 0.590164 8.42876
0.666667 0.590164 8.1991
0.686275 0.590164 7.9332
0.705882 0.590164 7.62963
0.72549 0.590164 7.28699
0.745098 0.590164 6.90421
0.764706 0.590164 6.48199
0.784314 0.590164 6.02735
0.803922 0.590164 5.56185
0.823529 0.590164 5.06488
0.843137 0.590164 4.53061
0.862745 0.590164 3.95987
0.882353 0.590164 3.35575
0.901961 0.590164 2.72233
0.921569 0.590164 2.06439
0.941176 0.590164 1.38733
0.960784 0.590164 0.69709
0 0.606557 0.668981
0.0196078 0.606557 1.332
0.0392157 0.606557 1.98365
0.0588235 0.606557 2.61902
0.0784314 0.606557 3.23384
0.0980392 0.606557 3.82463
0.117647 0.606557 4.38872
0.137255 0.606557 4.92421
0.156863 0.606557 5.42994
0.176471 0.606557 5.90538
0.196078 0.606557 6.35053
0.215686 0.606557 6.7658
0.235294 0.606557 7.1519
0.254902 0.606557 7.50968
0.27451 0.606557 7.84007
0.294118 0.606557 8.14388
0.313725 0.606557 8.42169
0.333333 0.606557 8.67381
0.352941 0.606557 8.90029
0.372549 0.606557 9.10117
0.392157 0.606557 9.27679
0.411765 0.606557 9.42745
0.431373 0.606557 9.55322
0.45098 0.606557 9.65379
0.470588 0.606557 9.7286
0.490196 0.606557 9.77688
0.509804 0.606557 9.79772
0.529412 0.606557 9.79013
0.54902 0.606557 9.75308
0.568627 0.606557 9.68545
0.588235 0.606557 9.58611
0.607843 0.606557 9.45384
0.627451 0.606557 9.28735
0.647059 0.606557 9.08528
0.666667 0.606557 8.84622
0.686275 0.606557 8.5687
0.705882 0.606557 8.25133
0.72549 0.606557 7.89292
0.745098 0.606557 7.49293
0.764706 0.606557 7.0524
0.784314 0.606557 6.57544
0.803922 0.606557 6.06857
0.823529 0.606557 5.52581
0.843137 0.606557 4.94383
0.862745 0.606557 4.32283
0.882353 0.606557 3.66525
0.901961 0.606557 2.97501
0.921569 0.606557 2.25708
0.941176 0.606557 1.51739
0.960784 0.606557 0.762613
0 0.622951 0.72813
0.0196078 0.622951 1.44926
0.0392157 0.622951 2.15703
0.0588235 0.622951 2.84571
0.0784314 0.622951 3.51044
0.0980392 0.622951 4.14735
0.117647 0.622951 4.75357
0.137255 0.622951 5.32721
0.156863 0.622951 5.86727
0.176471 0.622951 6.37347
0.196078 0.622951 6.84617
0.215686 0.622951 7.28617
0.235294 0.622951 7.69458
0.254902 0.622951 8.07269
0.27451 0.622951 8.42179
0.294118 0.622951 8.74301
0.313725 0.622951 9.03714
0.333333 0.622951 9.30444
0.352941 0.622951 9.54471
0.372549 0.622951 9.75777
0.392157 0.622951 9.94429
0.411765 0.622951 10.105
0.431373 0.622951 10.2401
0.45098 0.622951 10.3492
0.470588 0.622951 10.4316
0.490196 0.622951 10.4864
0.509804 0.622951 10.5125
0.529412 0.622951 10.5088
0.54902 0.622951 10.4741
0.568627 0.622951 10.4073
0.588235 0.622951 10.307
0.607843 0.622951 10.1719
0.627451 0.622951 10.0007
0.647059 0.622951 9.79182
0.666667 0.622951 9.54372
0.686275 0.622951 9.25483
0.705882 0.622951 8.92364
0.72549 0.622951 8.54888
0.745098 0.622951 8.12987
0.764706 0.622951 7.66697
0.784314 0.622951 7.16187
0.803922 0.622951 6.61645
0.823529 0.622951 6.02877
0.843137 0.622951 5.39737
0.862745 0.622951 4.72273
0.882353 0.622951 4.00722
0.901961 0.622951 3.25481
0.921569 0.622951 2.47082
0.941176 0.622951 1.66184
0.960784 0.622951 0.83545
0 0.639344 0.793923
0.0196078 0.639344 1.57955
0.0392157 0.639344 2.34933
0.0588235 0.639344 3.09657
0.0784314 0.639344 3.81571
0.0980392 0.639344 4.50244
0.117647 0.639344 5.15374
0.137255 0.639344 5.76778
0.156863 0.639344 6.34379
0.176471 0.639344 6.88187
0.196078 0.639344 7.38283
0.215686 0.639344 7.84795
0.235294 0.639344 8.27888
0.254902 0.639344 8.67743
0.27451 0.639344 9.04539
0.294118 0.639344 9.38434
0.313725 0.639344 9.69537
0.333333 0.639344 9.97871
0.352941 0.639344 10.2336
0.372549 0.639344 10.4589
0.392157 0.639344 10.6563
0.411765 0.639344 10.8273
0.431373 0.639344 10.9723
0.45098 0.639344 11.0907
0.470588 0.639344 11.1816
0.490196 0.639344 11.2439
0.509804 0.639344 11.2761
0.529412 0.639344 11.2771
0.54902 0.639344 11.2456
0.568627 0.639344 11.1802
0.588235 0.639344 11.0796
0.607843 0.639344 10.9424
0.627451 0.639344 10.767
0.647059 0.639344 10.5518
0.666667 0.639344 10.2951
0.686275 0.639344 9.99515
0.705882 0.639344 9.65012
0.72549 0.639344 9.25849
0.745098 0.639344 8.8191
0.764706 0.639344 8.3314
0.784314 0.639344 7.79548
0.803922 0.639344 7.21142
0.823529 0.639344 6.57825
0.843137 0.639344 5.8954
0.862745 0.639344 5.16367
0.882353 0.639344 4.38553
0.901961 0.639344 3.56519
0.921569 0.639344 2.70846
0.941176 0.639344 1.82271
0.960784 0.639344 0.91665
0 0.655738 0.867443
0.0196078 0.655738 1.72495
0.0392157 0.655738 2.56348
0.0588235 0.655738 3.37518
0.0784314 0.655738 4.15366
0.0980392 0.655738 4.89417
0.117647 0.655738 5.59357
0.137255 0.655738 6.2502
0.156863 0.655738 6.86364
0.176471 0.655738 7.43449
0.196078 0.655738 7.96412
0.215686 0.655738 8.45447
0.235294 0.655738 8.90782
0.254902 0.655738 9.32661
0.27451 0.655738 9.71331
0.294118 0.655738 10.0701
0.313725 0.655738 10.3987
0.333333 0.655738 10.6995
0.352941 0.655738 10.9703
0.372549 0.655738 11.2073
0.392157 0.655738 11.4152
0.411765 0.655738 11.5967
0.431373 0.655738 11.7523
0.45098 0.655738 11.881
0.470588 0.655738 11.9815
0.490196 0.655738 12.0522
0.509804 0.655738 12.0916
0.529412 0.655738 12.0982
0.54902 0.655738 12.0706
0.568627 0.655738 12.0075
0.588235 0.655738 11.9073
0.607843 0.655738 11.7686
0.627451 0.655738 11.5898
0.647059 0.655738 11.369
0.666667 0.655738 11.1042
0.686275 0.655738 10.7936
0.705882 0.655738 10.4349
0.72549 0.655738 10.0261
0.745098 0.655738 9.56554
0.764706 0.655738 9.05168
0.784314 0.655738 8.48344
0.803922 0.655738 7.85985
0.823529 0.655738 7.1799
0.843137 0.655738 6.44321
0.862745 0.655738 5.65068
0.882353 0.655738 4.80491
0.901961 0.655738 3.91036
0.921569 0.655738 2.97345
0.941176 0.655738 2.00247
0.960784 0.655738 1.0075
0 0.672131 0.950039
0.0196078 0.672131 1.88803
0.0392157 0.672131 2.80308
0.0588235 0.672131 3.68587
0.0784314 0.672131 4.5291
0.0980392 0.672131 5.32757
0.117647 0.672131 6.07811
0.137255 0.672131 6.77938
0.156863 0.672131 7.43147
0.176471 0.672131 8.03566
0.196078 0.672131 8.59405
0.215686 0.672131 9.10934
0.235294 0.672131 9.5846
0.254902 0.672131 10.0231
0.27451 0.672131 10.428
0.294118 0.672131 10.8025
0.313725 0.672131 11.1493
0.333333 0.672131 11.4696
0.352941 0.672131 11.7598
0.372549 0.672131 12.0059
0.392157 0.672131 12.2229
0.411765 0.672131 12.4152
0.431373 0.672131 12.5824
0.45098 0.672131 12.7228
0.470588 0.672131 12.8342
0.490196 0.672131 12.9146
0.509804 0.672131 12.9623
0.529412 0.672131 12.9754
0.54902 0.672131 12.9527
0.568627 0.672131 12.8926
0.588235 0.672131 12.7937
0.607843 0.672131 12.6543
0.627451 0.672131 12.4728
0.647059 0.672131 12.2471
0.666667 0.672131 11.975
0.686275 0.672131 11.6543
0.705882 0.672131 11.2824
0.72549 0.672131 10.8567
0.745098 0.672131 10.3747
0.764706 0.672131 9.83406
0.784314 0.672131 9.23265
0.803922 0.672131 8.56856
0.823529 0.672131 7.84027
0.843137 0.672131 7.04713
0.862745 0.672131 6.18987
0.882353 0.672131 5.27107
0.901961 0.672131 4.29544
0.921569 0.672131 3.27001
0.941176 0.672131 2.20416
0.960784 0.672131 1.10961
0 0.688525 1.04341
0.0196078 0.688525 2.07201
0.0392157 0.688525 3.07254
0.0588235 0.688525 4.03391
0.0784314 0.688525 4.94778
0.0980392 0.688525 5.80855
0.117647 0.688525 6.61321
0.137255 0.688525 7.36091
0.156863 0.688525 8.05253
0.176471 0.688525 8.69019
0.196078 0.688525 9.27696
0.215686 0.688525 9.81644
0.235294 0.688525 10.3126
0.254902 0.688525 10.7696
0.27451 0.688525 11.1917
0.294118 0.688525 11.583
0.313725 0.688525 11.9481
0.333333 0.688525 12.2913
0.352941 0.688525 12.6116
0.372549 0.688525 12.857
0.392157 0.688525 13.0805
0.411765 0.688525 13.2843
0.431373 0.688525 13.4648
0.45098 0.688525 13.6187
0.470588 0.688525 13.7427
0.490196 0.688525 13.8344
0.509804 0.688525 13.8916
0.529412 0.688525 13.9124
0.54902 0.688525 13.8955
0.568627 0.688525 13.8393
0.588235 0.688525 13.7424
0.607843 0.688525 13.6033
0.627451 0.688525 13.4199
0.647059 0.688525 13.1902
0.666667 0.688525 12.9118
0.686275 0.688525 12.5819
0.705882 0.688525 12.1975
0.72549 0.688525 11.7555
0.745098 0.688525 11.2525
0.764706 0.688525 10.6851
0.784314 0.688525 10.0502
0.803922 0.688525 9.34494
0.823529 0.688525 8.56682
0.843137 0.688525 7.71457
0.862745 0.688525 1.69959e-320
0.882353 0.688525 1.70008e-320
