0.870968 0.387097 0.108965
0.903226 0.387097 0.074237
0.935484 0.387097 0.0377674
0 0.419355 0.038023
0.0322581 0.419355 0.0746596
0.0645161 0.419355 0.109316
0.0967742 0.419355 0.141511
0.129032 0.419355 0.171056
0.16129 0.419355 0.197884
0.193548 0.419355 0.221968
0.225806 0.419355 0.243299
0.258065 0.419355 0.261904
0.290323 0.419355 0.277866
0.322581 0.419355 0.291404
0.354839 0.419355 0.303192
0.387097 0.419355 0.308847
0.419355 0.419355 0.312834
0.451613 0.419355 0.314548
0.483871 0.419355 0.313819
0.516129 0.419355 0.310582
0.548387 0.419355 0.3048
0.580645 0.419355 0.296451
0.612903 0.419355 0.285524
0.645161 0.419355 0.272026
0.677419 0.419355 0.255957
0.709677 0.419355 0.237252
0.741935 0.419355 0.215861
0.774194 0.419355 0.191785
0.806452 0.419355 0.165096
0.83871 0.419355 0.13594
0.870968 0.419355 0.104537
0.903226 0.419355 0.0711752
0.935484 0.419355 0.0362019
0 0.451613 0.036913
0.0322581 0.451613 0.0725221
0.0645161 0.451613 0.106337
0.0967742 0.451613 0.137958
0.129032 0.451613 0.167131
0.16129 0.451613 0.193709
0.193548 0.451613 0.217612
0.225806 0.451613 0.238803
0.258065 0.451613 0.257283
0.290323 0.451613 0.273088
0.322581 0.451613 0.286267
0.354839 0.451613 0.296758
0.387097 0.451613 0.303652
0.419355 0.451613 0.307929
0.451613 0.451613 0.309709
0.483871 0.451613 0.30898
0.516129 0.451613 0.305714
0.548387 0.451613 0.299881
0.580645 0.451613 0.291466
0.612903 0.451613 0.280483
0.645161 0.451613 0.267006
0.677419 0.451613 0.251128
0.709677 0.451613 0.232709
0.741935 0.451613 0.211651
0.774194 0.451613 0.187952
0.806452 0.451613 0.161698
0.83871 0.451613 0.133054
0.870968 0.451613 0.102253
0.903226 0.451613 0.0695872
0.935484 0.451613 0.0353866
0 0.483871 0.0366824
0.0322581 0.483871 0.0720992
0.0645161 0.483871 0.1058
0.0967742 0.483871 0.137405
0.129032 0.483871 0.166634
0.16129 0.483871 0.1933
0.193548 0.483871 0.217288
0.225806 0.483871 0.238539
0.258065 0.483871 0.257036
0.290323 0.483871 0.272786
0.322581 0.483871 0.285792
0.354839 0.483871 0.295993
0.387097 0.483871 0.303209
0.419355 0.483871 0.307693
0.451613 0.483871 0.309565
0.483871 0.483871 0.308856
0.516129 0.483871 0.305554
0.548387 0.483871 0.299629
0.580645 0.483871 0.291049
0.612903 0.483871 0.279831
0.645161 0.483871 0.266149
0.677419 0.483871 0.250448
0.709677 0.483871 0.232234
0.741935 0.483871 0.211306
0.774194 0.483871 0.187666
0.806452 0.483871 0.161427
0.83871 0.483871 0.132783
0.870968 0.483871 0.101994
0.903226 0.483871 0.0693757
0.935484 0.483871 0.0352666
0 0.516129 0.0372889
0.0322581 0.516129 0.0733071
0.0645161 0.516129 0.107598
0.0967742 0.516129 0.139773
0.129032 0.516129 0.169529
0.16129 0.516129 0.196653
0.193548 0.516129 0.221014
0.225806 0.516129 0.242546
0.258065 0.516129 0.261228
0.290323 0.516129 0.27707
0.322581 0.516129 0.290086
0.354839 0.516129 0.300274
0.387097 0.516129 0.307626
0.419355 0.516129 0.312238
0.451613 0.516129 0.314186
0.483871 0.516129 0.313498
0.516129 0.516129 0.310158
0.548387 0.516129 0.304111
0.580645 0.516129 0.295266
0.612903 0.516129 0.283528
0.645161 0.516129 0.269061
0.677419 0.516129 0.253879
0.709677 0.516129 0.235892
0.741935 0.516129 0.214889
0.774194 0.516129 0.190967
0.806452 0.516129 0.164296
0.83871 0.516129 0.135111
0.870968 0.516129 0.10372
0.903226 0.516129 0.0704926
0.935484 0.516129 0.0358104
0 0.548387 0.0387441
0.0322581 0.548387 0.0761686
0.0645161 0.548387 0.111773
0.0967742 0.548387 0.145131
0.129032 0.548387 0.175912
0.16129 0.548387 0.203888
0.193548 0.548387 3.27511e-319
0.225806 0.548387 0
