0.709677 0.806452 0.524707
0.741935 0.806452 0.497552
0.774194 0.806452 0.462987
0.806452 0.806452 0.419079
0.83871 0.806452 0.363568
0.870968 0.806452 0.294169
0.903226 0.806452 0.209345
0.935484 0.806452 0.109736
0 0.83871 0.143582
0.0322581 0.83871 0.267817
0.0645161 0.83871 0.367086
0.0967742 0.83871 0.443637
0.129032 0.83871 0.502286
0.16129 0.83871 0.548171
0.193548 0.83871 0.587164
0.225806 0.83871 0.605872
0.258065 0.83871 0.622251
0.290323 0.83871 0.635356
0.322581 0.83871 0.645461
0.354839 0.83871 0.652986
0.387097 0.83871 0.658282
0.419355 0.83871 0.661597
0.451613 0.83871 0.663085
0.483871 0.83871 0.662814
0.516129 0.83871 0.660769
0.548387 0.83871 0.656848
0.580645 0.83871 0.650856
0.612903 0.83871 0.642476
0.645161 0.83871 0.631241
0.677419 0.83871 0.616476
0.709677 0.83871 0.597224
0.741935 0.83871 0.572133
0.774194 0.83871 0.539306
0.806452 0.83871 0.496114
0.83871 0.83871 0.439024
0.870968 0.83871 0.363645
0.903226 0.83871 0.265473
0.935484 0.83871 0.142389
0 0.870968 0.195912
0.0322581 0.870968 0.3502
0.0645161 0.870968 0.46149
0.0967742 0.870968 0.540095
0.129032 0.870968 0.596163
0.16129 0.870968 0.637118
0.193548 0.870968 0.667526
0.225806 0.870968 0.687162
0.258065 0.870968 0.701552
0.290323 0.870968 0.712425
0.322581 0.870968 0.720618
0.354839 0.870968 0.72665
0.387097 0.870968 0.730867
0.419355 0.870968 0.733497
0.451613 0.870968 0.734676
0.483871 0.870968 0.734461
0.516129 0.870968 0.732839
0.548387 0.870968 0.729721
0.580645 0.870968 0.724934
0.612903 0.870968 0.718197
0.645161 0.870968 0.709083
0.677419 0.870968 0.696962
0.709677 0.870968 0.680905
0.741935 0.870968 0.659528
0.774194 0.870968 0.630742
0.806452 0.870968 0.591363
0.83871 0.870968 0.536512
0.870968 0.870968 0.458891
0.903226 0.870968 0.348486
0.935484 0.870968 0.195063
0 0.903226 0.291201
0.0322581 0.903226 0.478494
0.0645161 0.903226 0.592632
0.0967742 0.903226 0.663942
0.129032 0.903226 0.710564
0.16129 0.903226 0.742435
0.193548 0.903226 0.764781
0.225806 0.903226 0.780008
0.258065 0.903226 0.790814
0.290323 0.903226 0.798721
0.322581 0.903226 0.804556
0.354839 0.903226 0.808801
0.387097 0.903226 0.811749
0.419355 0.903226 0.81358
0.451613 0.903226 0.8144
0.483871 0.903226 0.814251
0.516129 0.903226 0.813124
0.548387 0.903226 0.810952
0.580645 0.903226 0.807606
0.612903 0.903226 0.802872
0.645161 0.903226 0.796422
0.677419 0.903226 0.787759
0.709677 0.903226 0.776125
0.741935 0.903226 0.760338
0.774194 0.903226 0.738495
0.806452 0.903226 0.707412
0.83871 0.903226 0.661545
0.870968 0.903226 0.590904
0.903226 0.903226 0.477373
0.935484 0.903226 0.290655
0 0.935484 0.492739
0.0322581 0.935484 0.684211
0.0645161 0.935484 0.772039
0.0967742 0.935484 0.818633
0.129032 0.935484 0.846338
0.16129 0.935484 0.864214
0.193548 0.935484 0.876307
0.225806 0.935484 0.88457
0.258065 0.935484 0.890371
0.290323 0.935484 0.894552
0.322581 0.935484 0.897601
0.354839 0.935484 0.899801
0.387097 0.935484 0.901321
0.419355 0.935484 0.902263
0.451613 0.935484 0.902684
0.483871 0.935484 0.902608
0.516129 0.935484 0.90203
0.548387 0.935484 0.900914
0.580645 0.935484 0.899191
0.612903 0.935484 0.896744
0.645161 0.935484 0.893395
0.677419 0.935484 0.888867
0.709677 0.935484 0.882728
0.741935 0.935484 0.874283
0.774194 0.935484 0.862351
0.806452 0.935484 0.844801
0.83871 0.935484 0.817448
0.870968 0.935484 0.771185
0.903226 0.935484 0.683663
0.935484 0.935484 0.492476
0 0.967742 0
0.0322581 0.967742 3.27511e-319
