0 0.836066 0.648338
0.0322581 0.836066 0.628985
0.0645161 0.836066 0.609983
0.0967742 0.836066 0.589044
0.129032 0.836066 0.573765
0.16129 0.836066 0.569833
0.193548 0.836066 0.572245
0.225806 0.836066 0.574667
0.258065 0.836066 0.579242
0.290323 0.836066 0.590739
0.322581 0.836066 0.602343
0.354839 0.836066 0.616062
0.387097 0.836066 0.63519
0.419355 0.836066 0.658459
0.451613 0.836066 0.692776
0.483871 0.836066 0.702987
0.516129 0.836066 0.723934
0.548387 0.836066 0.750676
0.580645 0.836066 0.77948
0.612903 0.836066 0.814024
0.645161 0.836066 0.852555
0.677419 0.836066 0.893527
0.709677 0.836066 0.944794
0.741935 0.836066 1.00055
0.774194 0.836066 1.05694
0.806452 0.836066 1.11092
0.83871 0.836066 1.16991
0.870968 0.836066 1.23798
0.903226 0.836066 1.30891
0.935484 0.836066 1.38715
0 0.852459 0.640144
0.0322581 0.852459 0.626156
0.0645161 0.852459 0.613309
0.0967742 0.852459 0.59727
0.129032 0.852459 0.585062
0.16129 0.852459 0.582663
0.193548 0.852459 0.585913
0.225806 0.852459 0.589381
0.258065 0.852459 0.594755
0.290323 0.852459 0.60572
0.322581 0.852459 0.618616
0.354839 0.852459 0.634365
0.387097 0.852459 0.65618
0.419355 0.852459 0.682452
0.451613 0.852459 0.711657
0.483871 0.852459 0.729796
0.516129 0.852459 0.75006
0.548387 0.852459 0.774518
0.580645 0.852459 0.80153
0.612903 0.852459 0.834672
0.645161 0.852459 0.871503
0.677419 0.852459 0.913038
0.709677 0.852459 0.962926
0.741935 0.852459 1.01719
0.774194 0.852459 1.0716
0.806452 0.852459 1.12336
0.83871 0.852459 1.18011
0.870968 0.852459 1.24392
0.903226 0.852459 1.30761
0.935484 0.852459 1.37944
0 0.868852 0.631745
0.0322581 0.868852 0.622395
0.0645161 0.868852 0.616277
0.0967742 0.868852 0.606919
0.129032 0.868852 0.599519
0.16129 0.868852 0.59996
0.193548 0.868852 0.60464
0.225806 0.868852 0.610094
0.258065 0.868852 0.616584
0.290323 0.868852 0.628035
0.322581 0.868852 0.641028
0.354839 0.868852 0.659155
0.387097 0.868852 0.683884
0.419355 0.868852 0.711878
0.451613 0.868852 0.742604
0.483871 0.868852 0.76319
0.516129 0.868852 0.781017
0.548387 0.868852 0.804174
0.580645 0.868852 0.82942
0.612903 0.868852 0.861835
0.645161 0.868852 0.900086
0.677419 0.868852 0.940919
0.709677 0.868852 0.989863
0.741935 0.868852 1.04116
0.774194 0.868852 1.09243
0.806452 0.868852 1.14008
0.83871 0.868852 1.19211
0.870968 0.868852 1.24865
0.903226 0.868852 1.30429
0.935484 0.868852 1.37153
0 0.885246 0
0.0322581 0.885246 1.63042e-322
