0.645161 0.634146 0.0332321
0.677419 0.634146 0.0315587
0.709677 0.634146 0.0295647
0.741935 0.634146 0.0272377
0.774194 0.634146 0.0245631
0.806452 0.634146 0.0215234
0.83871 0.634146 0.018098
0.870968 0.634146 0.014263
0.903226 0.634146 0.00999039
0.935484 0.634146 0.00524826
0 0.658537 0.00479338
0.0322581 0.658537 0.00923407
0.0645161 0.658537 0.0133797
0.0967742 0.658537 0.0173487
0.129032 0.658537 0.021563
0.16129 0.658537 0.0235309
0.193548 0.658537 0.025769
0.225806 0.658537 0.027881
0.258065 0.658537 0.0297761
0.290323 0.658537 0.0314274
0.322581 0.658537 0.032825
0.354839 0.658537 0.0339644
0.387097 0.658537 0.0348431
0.419355 0.658537 0.0354591
0.451613 0.658537 0.0358105
0.483871 0.658537 0.0358946
0.516129 0.658537 0.0357086
0.548387 0.658537 0.0352483
0.580645 0.658537 0.0345091
0.612903 0.658537 0.0334851
0.645161 0.658537 0.0321691
0.677419 0.658537 0.0305528
0.709677 0.658537 0.0286259
0.741935 0.658537 0.0263764
0.774194 0.658537 0.0237896
0.806452 0.658537 0.0208486
0.83871 0.658537 0.0175332
0.870968 0.658537 0.0138199
0.903226 0.658537 0.0096816
0.935484 0.658537 0.00508688
0 0.682927 0.00460214
0.0322581 0.682927 0.00886342
0.0645161 0.682927 0.0128268
0.0967742 0.682927 0.0165405
0.129032 0.682927 0.0200004
0.16129 0.682927 0.0224819
0.193548 0.682927 0.0247331
0.225806 0.682927 0.0267829
0.258065 0.682927 0.0286089
0.290323 0.682927 0.0301972
0.322581 0.682927 0.031541
0.354839 0.682927 0.0326367
0.387097 0.682927 0.0334821
0.419355 0.682927 0.0340754
0.451613 0.682927 0.0344146
0.483871 0.682927 0.0344974
0.516129 0.682927 0.0343206
0.548387 0.682927 0.0338807
0.580645 0.682927 0.0331728
0.612903 0.682927 0.0321914
0.645161 0.682927 0.0309294
0.677419 0.682927 0.0293787
0.709677 0.682927 0.0275293
0.741935 0.682927 0.0253693
0.774194 0.682927 0.0228846
0.806452 0.682927 0.0200586
0.83871 0.682927 0.0168716
0.870968 0.682927 0.0133009
0.903226 0.682927 0.00931976
0.935484 0.682927 0.00489779
0 0.707317 0.00437552
0.0322581 0.707317 0.00842107
0.0645161 0.707317 0.0121633
0.0967742 0.707317 0.0156141
0.129032 0.707317 0.0187249
0.16129 0.707317 0.0212795
0.193548 0.707317 0.0235163
0.225806 0.707317 0.0255064
0.258065 0.707317 0.0272622
0.290323 0.707317 0.0287837
0.322581 0.707317 0.0300689
0.354839 0.707317 0.0311163
0.387097 0.707317 0.0319246
0.419355 0.707317 0.0324924
0.451613 0.707317 0.0328179
0.483871 0.707317 0.0328989
0.516129 0.707317 0.0327326
0.548387 0.707317 0.0323154
0.580645 0.707317 0.0316429
0.612903 0.707317 0.0307096
0.645161 0.707317 0.0295088
0.677419 0.707317 0.0280326
0.709677 0.707317 0.0262712
0.741935 0.707317 0.0242133
0.774194 0.707317 0.0218453
0.806452 0.707317 0.0191509
0.83871 0.707317 0.0161113
0.870968 0.707317 0.0127042
0.903226 0.707317 0.00890378
0.935484 0.707317 0.00468041
0 0.731707 0.00411727
0.0322581 0.731707 0.00791873
0.0645161 0.731707 0.0114208
0.0967742 0.731707 0.0146247
0.129032 0.731707 0.0174986
0.16129 0.731707 0.0199783
0.193548 0.731707 0.0221484
0.225806 0.731707 0.0240612
0.258065 0.731707 0.0257377
0.290323 0.731707 0.027185
0.322581 0.731707 0.0284053
0.354839 0.731707 0.0293991
0.387097 0.731707 0.030166
0.419355 0.731707 0.0307051
0.451613 0.731707 0.0310151
0.483871 0.731707 0.0310941
0.516129 0.731707 0.0309393
0.548387 0.731707 0.0305475
0.580645 0.731707 0.0299144
0.612903 0.731707 0.0290349
0.645161 0.731707 0.0279025
0.677419 0.731707 0.0265098
0.709677 0.731707 0.0248475
0.741935 0.731707 0.0229046
0.774194 0.731707 0.0206682
0.806452 0.731707 0.0181226
0.83871 0.731707 0.0152496
0.870968 0.731707 0.0120278
0.903226 0.731707 0.00843227
0.935484 0.731707 0.00443404
0 0.756098 0.00383048
0.0322581 0.756098 0.00736392
0.0645161 0.756098 0.0106114
0.0967742 0.756098 0.0135732
0.129032 0.756098 0.0162346
0.16129 0.756098 0.0185784
0.193548 0.756098 0.02064
0.225806 0.756098 0.0224528
0.258065 0.756098 0.024036
0.290323 0.756098 0.0253991
0.322581 0.756098 0.0265467
0.354839 0.756098 0.0274805
0.387097 0.756098 0.0282011
0.419355 0.756098 0.0287082
0.451613 0.756098 0.0290008
0.483871 0.756098 0.0290771
0.516129 0.756098 0.0289349
0.548387 0.756098 0.0285709
0.580645 0.756098 0.0279814
0.612903 0.756098 0.0271615
0.645161 0.756098 0.0261052
0.677419 0.756098 0.0248053
0.709677 0.756098 0.0232533
0.741935 0.756098 0.0214387
0.774194 0.756098 0.0193491
0.806452 0.756098 0.0169699
0.83871 0.756098 0.0142836
0.870968 0.756098 0.0112695
0.903226 0.756098 0.00790357
0.935484 0.756098 0.00415782
0 0.780488 0.00351689
0.0322581 0.780488 0.00675984
0.0645161 0.780488 0.00973727
0.0967742 0.780488 0.0124508
0.129032 0.780488 0.0148957
0.16129 0.780488 0.0170699
0.193548 0.780488 0.0189915
0.225806 0.780488 0.0206817
0.258065 0.780488 0.0221558
0.290323 0.780488 0.0234231
0.322581 0.780488 0.0244887
0.354839 0.780488 0.0253555
0.387097 0.780488 0.0260244
0.419355 0.780488 0.0264957
0.451613 0.780488 0.0267685
0.483871 0.780488 0.0268416
0.516129 0.780488 0.0267127
0.548387 0.780488 0.0263793
0.580645 0.780488 0.0258376
0.612903 0.780488 0.0250831
0.645161 0.780488 0.0241106
0.677419 0.780488 0.0229132
0.709677 0.780488 0.021483
0.741935 0.780488 0.0198102
0.774194 0.780488 0.0178834
0.806452 0.780488 0.0156887
0.83871 0.780488 0.0132095
0.870968 0.780488 0.0104262
0.903226 0.780488 0.00731562
0.935484 0.780488 0.00385069
0 0.804878 0.00317699
0.0322581 0.804878 0.0061068
0.0645161 0.804878 0.00879625
0.0967742 0.804878 0.0112482
0.129032 0.804878 0.0134627
0.16129 0.804878 0.0154425
0.193548 0.804878 0.0171988
0.225806 0.804878 0.0187454
0.258065 0.804878 0.020094
0.290323 0.804878 0.0212526
0.322581 0.804878 0.0222264
0.354839 0.804878 0.0230182
0.387097 0.804878 0.0236294
0.419355 0.804878 0.0240606
0.451613 0.804878 0.0243112
0.483871 0.804878 0.0243801
0.516129 0.804878 0.0242656
0.548387 0.804878 0.0239651
0.580645 0.804878 0.0234754
0.612903 0.804878 0.0227926
0.645161 0.804878 0.0219117
0.677419 0.804878 0.0208266
0.709677 0.804878 0.0195301
0.741935 0.804878 0.0180132
0.774194 0.804878 0.0162654
0.806452 0.804878 0.0142738
0.83871 0.804878 0.012023
0.870968 0.804878 0.00949442
0.903226 0.804878 0.00666596
0.935484 0.804878 0.00351137
0 0.829268 0.00281043
0.0322581 0.829268 0.00540349
0.0645161 0.829268 0.0077847
0.0967742 0.829268 0.00995729
0.129032 0.829268 0.0119234
0.16129 0.829268 0.0136869
0.193548 0.829268 0.0152556
0.225806 0.829268 0.016639
0.258065 0.829268 0.0178457
0.290323 0.829268 0.0188823
0.322581 0.829268 0.0197534
0.354839 0.829268 0.0204617
0.387097 0.829268 0.0210088
0.419355 0.829268 0.0213953
0.451613 0.829268 0.0216208
0.483871 0.829268 0.0216846
0.516129 0.829268 0.0215851
0.548387 0.829268 0.0213201
0.580645 0.829268 0.0208868
0.612903 0.829268 0.0202818
0.645161 0.829268 0.0195007
0.677419 0.829268 0.018538
0.709677 0.829268 0.0173874
0.741935 0.829268 0.0160408
0.774194 0.829268 0.0144887
0.806452 0.829268 0.0127195
0.83871 0.829268 0.010719
0.870968 0.829268 0.00847003
0.903226 0.829268 0.00595154
0.935484 0.829268 0.00313823
0 0.853659 0.00241641
0.0322581 0.853659 0.00464786
0.0645161 0.853659 0.00669847
0.0967742 0.853659 0.00857122
0.129032 0.853659 0.0102688
0.16129 0.853659 0.0117948
0.193548 0.853659 0.013155
0.225806 0.853659 0.0143561
0.258065 0.853659 0.0154046
0.290323 0.853659 0.0163054
0.322581 0.853659 0.0170626
0.354839 0.853659 0.0176784
0.387097 0.853659 0.0181544
0.419355 0.853659 0.0184911
0.451613 0.853659 0.0186885
0.483871 0.853659 0.0187459
0.516129 0.853659 0.0186619
0.548387 0.853659 0.018435
0.580645 0.853659 0.0180625
0.612903 0.853659 0.0175416
0.645161 0.853659 0.0168686
0.677419 0.853659 0.0160387
0.709677 0.853659 0.0150465
0.741935 0.853659 0.013885
0.774194 0.853659 0.0125459
0.806452 0.853659 0.011019
0.83871 0.853659 0.00929154
0.870968 0.853659 0.00734794
0.903226 0.853659 0.00516862
0.935484 0.853659 0.00272925
0 0.878049 0.00199388
0.0322581 0.878049 0.00383747
0.0645161 0.878049 0.00553333
0.0967742 0.878049 0.00708368
0.129032 0.878049 0.00849088
0.16129 0.878049 0.00975802
0.193548 0.878049 0.0108893
0.225806 0.878049 0.0118894
0.258065 0.878049 0.012763
0.290323 0.878049 0.013514
0.322581 0.878049 0.0141453
0.354839 0.878049 0.0146591
0.387097 0.878049 0.0150566
0.419355 0.878049 0.0153383
0.451613 0.878049 0.0155041
0.483871 0.878049 0.0155537
0.516129 0.878049 0.0154859
0.548387 0.878049 0.0152994
0.580645 0.878049 0.0149922
0.612903 0.878049 0.0145619
0.645161 0.878049 0.0140054
0.677419 0.878049 0.013319
0.709677 0.878049 0.0124981
0.741935 0.878049 0.0115369
0.774194 0.878049 0.0104285
0.806452 0.878049 0.00916423
0.83871 0.878049 0.00773331
0.870968 0.878049 0.00612196
0.903226 0.878049 0.00431249
0.935484 0.878049 0.00228179
0 0.902439 0.00154174
0.0322581 0.902439 0.00296984
0.0645161 0.902439 0.00428508
0.0967742 0.902439 0.00548872
0.129032 0.902439 0.00658248
0.16129 0.902439 0.00756865
0.193548 0.902439 0.00845014
0.225806 0.902439 0.00923025
0.258065 0.902439 0.00991218
0.290323 0.902439 0.0104987
0.322581 0.902439 0.0109921
0.354839 0.902439 0.0113938
0.387097 0.902439 0.0117049
0.419355 0.902439 0.0119257
0.451613 0.902439 0.0120564
0.483871 0.902439 0.0120965
0.516129 0.902439 0.0120453
0.548387 0.902439 0.0119017
0.580645 0.902439 0.0116643
0.612903 0.902439 0.0113313
0.645161 0.902439 0.0109002
0.677419 0.902439 0.0103681
0.709677 0.902439 0.00973167
0.741935 0.902439 0.00898637
0.774194 0.902439 0.0081268
0.806452 0.902439 0.00714619
0.83871 0.902439 0.00603587
0.870968 0.902439 0.00478457
0.903226 0.902439 0.00337709
0.935484 0.902439 0.00179225
0 0.926829 0.00105898
0.0322581 0.926829 0.0020425
0.0645161 0.926829 0.00294955
0.0967742 0.926829 0.00378048
0.129032 0.926829 0.00453629
0.16129 0.926829 0.00521844
0.193548 0.926829 0.00582879
0.225806 0.926829 0.00636941
0.258065 0.926829 0.00684233
0.290323 0.926829 0.00724935
0.322581 0.926829 0.0075919
0.354839 0.926829 0.00787102
0.387097 0.926829 0.00808737
0.419355 0.926829 0.00824127
0.451613 0.926829 0.00833276
0.483871 0.926829 0.00836159
0.516129 0.926829 0.00832729
0.548387 0.926829 0.00822913
0.580645 0.926829 0.00806613
0.612903 0.926829 0.00783704
0.645161 0.926829 0.00754028
0.677419 0.926829 0.0071739
0.709677 0.926829 0.00673549
0.741935 0.926829 0.00622207
0.774194 0.926829 0.00562993
0.806452 0.926829 0.00495435
0.83871 0.926829 0.00418925
0.870968 0.926829 0.00332647
0.903226 0.926829 0.00235441
0.935484 0.926829 0.00125539
0 0.95122 0.000544969
0.0322581 0.95122 0.00105319
0.0645161 0.95122 0.0015226
0.0967742 0.95122 0.001953
0.129032 0.95122 0.0023448
0.16129 0.95122 0.0026987
0.193548 0.95122 0.00301559
0.225806 0.95122 0.00329649
0.258065 0.95122 0.00354238
0.290323 0.95122 0.00375412
0.322581 0.95122 0.00393245
0.354839 0.95122 0.00407786
0.387097 0.95122 0.0041907
0.419355 0.95122 0.00427113
0.451613 0.95122 0.00431917
0.483871 0.95122 0.00433471
0.516129 0.95122 0.00431751
0.548387 0.95122 0.0042672
0.580645 0.95122 0.00418329
0.612903 0.95122 0.00406516
0.645161 0.95122 0.003912
0.677419 0.95122 0.00372284
0.709677 0.95122 0.00349644
0.741935 0.95122 0.00323132
0.774194 0.95122 0.00292556
0.806452 0.95122 0.00257676
0.83871 0.95122 0.00218177
0.870968 0.95122 0.00173622
0.903226 0.95122 0.00123365
0.935484 0.95122 0.000662893
0 0.97561 1.58892e-320
0.0322581 0.97561 6.37345e-322
