0 0.344262 0.854616
0.0322581 0.344262 0.769331
0.0645161 0.344262 0.694374
0.0967742 0.344262 0.63434
0.129032 0.344262 0.594175
0.16129 0.344262 0.57694
0.193548 0.344262 0.57966
0.225806 0.344262 0.582912
0.258065 0.344262 0.589034
0.290323 0.344262 0.611406
0.322581 0.344262 0.615394
0.354839 0.344262 0.645584
0.387097 0.344262 0.70529
0.419355 0.344262 0.631098
0.451613 0.344262 0.832007
0.483871 0.344262 0.678804
0.516129 0.344262 0.800058
0.548387 0.344262 0.788109
0.580645 0.344262 0.801293
0.612903 0.344262 0.845086
0.645161 0.344262 0.872001
0.677419 0.344262 0.908945
0.709677 0.344262 0.962937
0.741935 0.344262 1.02014
0.774194 0.344262 1.08426
0.806452 0.344262 1.15807
0.83871 0.344262 1.24215
0.870968 0.344262 1.34542
0.903226 0.344262 1.46463
0.935484 0.344262 1.60079
0 0.360656 0.847467
0.0322581 0.360656 0.759669
0.0645161 0.360656 0.681685
0.0967742 0.360656 0.619701
0.129032 0.360656 0.579695
0.16129 0.360656 0.562864
0.193548 0.360656 0.564167
0.225806 0.360656 0.569437
0.258065 0.360656 0.578433
0.290323 0.360656 0.589449
0.322581 0.360656 0.604505
0.354839 0.360656 0.653645
0.387097 0.360656 0.630472
0.419355 0.360656 0.65879
0.451613 0.360656 0.802407
0.483871 0.360656 0.705434
0.516129 0.360656 0.727764
0.548387 0.360656 0.797111
0.580645 0.360656 0.793766
0.612903 0.360656 0.824906
0.645161 0.360656 0.863617
0.677419 0.360656 0.898819
0.709677 0.360656 0.950816
0.741935 0.360656 1.00908
0.774194 0.360656 1.0735
0.806452 0.360656 1.14665
0.83871 0.360656 1.23079
0.870968 0.360656 1.33509
0.903226 0.360656 1.45598
0.935484 0.360656 1.59385
0 0.377049 0.840644
0.0322581 0.377049 0.750649
0.0645161 0.377049 0.669737
0.0967742 0.377049 0.60616
0.129032 0.377049 0.566286
0.16129 0.377049 0.549276
0.193548 0.377049 0.550604
0.225806 0.377049 0.557857
0.258065 0.377049 0.562993
0.290323 0.377049 0.574752
0.322581 0.377049 0.608155
0.354839 0.377049 0.618567
0.387097 0.377049 0.607303
0.419355 0.377049 0.771944
0.451613 0.377049 0.612507
0.483871 0.377049 0.820699
0.516129 0.377049 0.703874
0.548387 0.377049 0.764955
0.580645 0.377049 0.79847
0.612903 0.377049 0.812278
0.645161 0.377049 0.850639
0.677419 0.377049 0.890142
0.709677 0.377049 0.940003
0.741935 0.377049 0.998218
0.774194 0.377049 1.06325
0.806452 0.377049 1.13623
0.83871 0.377049 1.2202
0.870968 0.377049 1.32538
0.903226 0.377049 1.44792
0.935484 0.377049 1.58707
0 0.393443 0
0.0322581 0.393443 1.63042e-322
