0 0.639344 0.722028
0.0322581 0.639344 0.644647
0.0645161 0.639344 0.578504
0.0967742 0.639344 0.526112
0.129032 0.639344 0.490424
0.16129 0.639344 0.475218
0.193548 0.639344 0.477595
0.225806 0.639344 0.481867
0.258065 0.639344 0.485339
0.290323 0.639344 0.49926
0.322581 0.639344 0.516683
0.354839 0.639344 0.533637
0.387097 0.639344 0.540147
0.419355 0.639344 0.587006
0.451613 0.639344 0.682597
0.483871 0.639344 0.631158
0.516129 0.639344 0.63315
0.548387 0.639344 0.672083
0.580645 0.639344 0.699187
0.612903 0.639344 0.727291
0.645161 0.639344 0.762422
0.677419 0.639344 0.803189
0.709677 0.639344 0.856984
0.741935 0.639344 0.915382
0.774194 0.639344 0.979621
0.806452 0.639344 1.05049
0.83871 0.639344 1.12998
0.870968 0.639344 1.22622
0.903226 0.639344 1.33801
0.935484 0.639344 1.4674
0 0.655738 0.715523
0.0322581 0.655738 0.64175
0.0645161 0.655738 0.579105
0.0967742 0.655738 0.529213
0.129032 0.655738 0.494722
0.16129 0.655738 0.479543
0.193548 0.655738 0.481953
0.225806 0.655738 0.486121
0.258065 0.655738 0.489842
0.290323 0.655738 0.503563
0.322581 0.655738 0.519952
0.354839 0.655738 0.531789
0.387097 0.655738 0.561085
0.419355 0.655738 0.625574
0.451613 0.655738 0.61759
0.483871 0.655738 0.670111
0.516129 0.655738 0.652949
0.548387 0.655738 0.668412
0.580645 0.655738 0.698484
0.612903 0.655738 0.729629
0.645161 0.655738 0.763588
0.677419 0.655738 0.8049
0.709677 0.655738 0.858573
0.741935 0.655738 0.916793
0.774194 0.655738 0.980356
0.806452 0.655738 1.05104
0.83871 0.655738 1.12964
0.870968 0.655738 1.22424
0.903226 0.655738 1.33362
0.935484 0.655738 1.46031
0 0.672131 0.709025
0.0322581 0.672131 0.639061
0.0645161 0.672131 0.579493
0.0967742 0.672131 0.531937
0.129032 0.672131 0.498341
0.16129 0.672131 0.483533
0.193548 0.672131 0.485213
0.225806 0.672131 0.489626
0.258065 0.672131 0.493494
0.290323 0.672131 0.506823
0.322581 0.672131 0.521217
0.354839 0.672131 0.537569
0.387097 0.672131 0.570102
0.419355 0.672131 0.570098
0.451613 0.672131 0.515048
0.483871 0.672131 0.613969
0.516129 0.672131 0.659064
0.548387 0.672131 0.672636
0.580645 0.672131 0.699044
0.612903 0.672131 0.728812
0.645161 0.672131 0.763745
0.677419 0.672131 0.804953
0.709677 0.672131 0.858258
0.741935 0.672131 0.915815
0.774194 0.672131 0.979977
0.806452 0.672131 1.05008
0.83871 0.672131 1.12831
0.870968 0.672131 1.22124
0.903226 0.672131 1.32891
0.935484 0.672131 1.45288
0 0.688525 0
0.0322581 0.688525 1.63042e-322
