0 0.934426 0.59744
0.0322581 0.934426 0.607953
0.0645161 0.934426 0.622543
0.0967742 0.934426 0.637548
0.129032 0.934426 0.652361
0.16129 0.934426 0.668097
0.193548 0.934426 0.682794
0.225806 0.934426 0.697141
0.258065 0.934426 0.716019
0.290323 0.934426 0.739901
0.322581 0.934426 0.765298
0.354839 0.934426 0.791736
0.387097 0.934426 0.820728
0.419355 0.934426 0.852009
0.451613 0.934426 0.889364
0.483871 0.934426 0.905749
0.516129 0.934426 0.929083
0.548387 0.934426 0.95278
0.580645 0.934426 0.977877
0.612903 0.934426 1.00531
0.645161 0.934426 1.03396
0.677419 0.934426 1.06507
0.709677 0.934426 1.10109
0.741935 0.934426 1.14073
0.774194 0.934426 1.17817
0.806452 0.934426 1.21181
0.83871 0.934426 1.24587
0.870968 0.934426 1.28029
0.903226 0.934426 1.31569
0.935484 0.934426 1.35485
0 0.95082 0.588179
0.0322581 0.95082 0.604511
0.0645161 0.95082 0.624751
0.0967742 0.95082 0.645675
0.129032 0.95082 0.666459
0.16129 0.95082 0.687593
0.193548 0.95082 0.707169
0.225806 0.95082 0.726427
0.258065 0.95082 0.749262
0.290323 0.95082 0.776934
0.322581 0.95082 0.804547
0.354839 0.95082 0.830453
0.387097 0.95082 0.859135
0.419355 0.95082 0.891367
0.451613 0.95082 0.924835
0.483871 0.95082 0.947962
0.516129 0.95082 0.97072
0.548387 0.95082 0.994722
0.580645 0.95082 1.0212
0.612903 0.95082 1.05003
0.645161 0.95082 1.07739
0.677419 0.95082 1.10543
0.709677 0.95082 1.13807
0.741935 0.95082 1.17271
0.774194 0.95082 1.20568
0.806452 0.95082 1.23515
0.83871 0.95082 1.26464
0.870968 0.95082 1.294
0.903226 0.95082 1.3237
0.935484 0.95082 1.35476
0 0.967213 0.578277
0.0322581 0.967213 0.601197
0.0645161 0.967213 0.627204
0.0967742 0.967213 0.653617
0.129032 0.967213 0.680282
0.16129 0.967213 0.706986
0.193548 0.967213 0.732809
0.225806 0.967213 0.758561
0.258065 0.967213 0.78597
0.290323 0.967213 0.816796
0.322581 0.967213 0.845834
0.354839 0.967213 0.872713
0.387097 0.967213 0.901497
0.419355 0.967213 0.933116
0.451613 0.967213 0.965328
0.483871 0.967213 0.991371
0.516129 0.967213 1.01449
0.548387 0.967213 1.04094
0.580645 0.967213 1.06901
0.612903 0.967213 1.09811
0.645161 0.967213 1.12514
0.677419 0.967213 1.14987
0.709677 0.967213 1.17811
0.741935 0.967213 1.20637
0.774194 0.967213 1.23384
0.806452 0.967213 1.25946
0.83871 0.967213 1.28468
0.870968 0.967213 1.31006
0.903226 0.967213 1.33488
0.935484 0.967213 1.35917
0 0.983607 0
0.0322581 0.983607 1.63042e-322
