0 0.688525 0.703094
0.0322581 0.688525 0.637238
0.0645161 0.688525 0.580994
0.0967742 0.688525 0.535369
0.129032 0.688525 0.503194
0.16129 0.688525 0.488799
0.193548 0.688525 0.490093
0.225806 0.688525 0.494418
0.258065 0.688525 0.498816
0.290323 0.688525 0.511375
0.322581 0.688525 0.526321
0.354839 0.688525 0.544199
0.387097 0.688525 0.566096
0.419355 0.688525 0.576785
0.451613 0.688525 0.674201
0.483871 0.688525 0.619271
0.516129 0.688525 0.655293
0.548387 0.688525 0.676899
0.580645 0.688525 0.699976
0.612903 0.688525 0.731232
0.645161 0.688525 0.765499
0.677419 0.688525 0.807034
0.709677 0.688525 0.859989
0.741935 0.688525 0.917254
0.774194 0.688525 0.981314
0.806452 0.688525 1.05084
0.83871 0.688525 1.12787
0.870968 0.688525 1.21981
0.903226 0.688525 1.32513
0.935484 0.688525 1.44612
0 0.704918 0.697242
0.0322581 0.704918 0.635669
0.0645161 0.704918 0.58232
0.0967742 0.704918 0.538301
0.129032 0.704918 0.506702
0.16129 0.704918 0.492545
0.193548 0.704918 0.492643
0.225806 0.704918 0.496666
0.258065 0.704918 0.501191
0.290323 0.704918 0.51404
0.322581 0.704918 0.528336
0.354839 0.704918 0.544267
0.387097 0.704918 0.561269
0.419355 0.704918 0.598588
0.451613 0.704918 0.640668
0.483871 0.704918 0.642481
0.516129 0.704918 0.646265
0.548387 0.704918 0.675596
0.580645 0.704918 0.70033
0.612903 0.704918 0.729195
0.645161 0.704918 0.76456
0.677419 0.704918 0.805191
0.709677 0.704918 0.857914
0.741935 0.704918 0.915337
0.774194 0.704918 0.980512
0.806452 0.704918 1.04983
0.83871 0.704918 1.12749
0.870968 0.704918 1.21859
0.903226 0.704918 1.32184
0.935484 0.704918 1.43948
0 0.721311 0.691411
0.0322581 0.721311 0.634192
0.0645161 0.721311 0.583846
0.0967742 0.721311 0.541218
0.129032 0.721311 0.510639
0.16129 0.721311 0.49641
0.193548 0.721311 0.495735
0.225806 0.721311 0.498903
0.258065 0.721311 0.504102
0.290323 0.721311 0.517121
0.322581 0.721311 0.52986
0.354839 0.721311 0.544231
0.387097 0.721311 0.567747
0.419355 0.721311 0.604164
0.451613 0.721311 0.562166
0.483871 0.721311 0.646563
0.516129 0.721311 0.652372
0.548387 0.721311 0.672832
0.580645 0.721311 0.698856
0.612903 0.721311 0.728842
0.645161 0.721311 0.764187
0.677419 0.721311 0.804529
0.709677 0.721311 0.856817
0.741935 0.721311 0.914946
0.774194 0.721311 0.98042
0.806452 0.721311 1.05047
0.83871 0.721311 1.12771
0.870968 0.721311 1.21773
0.903226 0.721311 1.31849
0.935484 0.721311 1.43275
0 0.737705 0
0.0322581 0.737705 1.63042e-322
