0 0.245902 0.903549
0.0322581 0.245902 0.840289
0.0645161 0.245902 0.78458
0.0967742 0.245902 0.736689
0.129032 0.245902 0.702193
0.16129 0.245902 0.685711
0.193548 0.245902 0.684071
0.225806 0.245902 0.689949
0.258065 0.245902 0.695225
0.290323 0.245902 0.70836
0.322581 0.245902 0.734315
0.354839 0.245902 0.741841
0.387097 0.245902 0.762406
0.419355 0.245902 0.8272
0.451613 0.245902 0.765626
0.483871 0.245902 0.870458
0.516129 0.245902 0.848221
0.548387 0.245902 0.87324
0.580645 0.245902 0.905882
0.612903 0.245902 0.923238
0.645161 0.245902 0.958732
0.677419 0.245902 0.99684
0.709677 0.245902 1.04576
0.741935 0.245902 1.10384
0.774194 0.245902 1.16968
0.806452 0.245902 1.24129
0.83871 0.245902 1.32322
0.870968 0.245902 1.41892
0.903226 0.245902 1.52474
0.935484 0.245902 1.64473
0 0.262295 0.894553
0.0322581 0.262295 0.826475
0.0645161 0.262295 0.767196
0.0967742 0.262295 0.717211
0.129032 0.262295 0.68097
0.16129 0.262295 0.66395
0.193548 0.262295 0.664357
0.225806 0.262295 0.669518
0.258065 0.262295 0.672728
0.290323 0.262295 0.69343
0.322581 0.262295 0.710221
0.354839 0.262295 0.715012
0.387097 0.262295 0.772837
0.419355 0.262295 0.771519
0.451613 0.262295 0.774022
0.483871 0.262295 0.815625
0.516129 0.262295 0.859362
0.548387 0.262295 0.848853
0.580645 0.262295 0.885005
0.612903 0.262295 0.91145
0.645161 0.262295 0.939653
0.677419 0.262295 0.979566
0.709677 0.262295 1.02989
0.741935 0.262295 1.08633
0.774194 0.262295 1.15216
0.806452 0.262295 1.22378
0.83871 0.262295 1.30629
0.870968 0.262295 1.40384
0.903226 0.262295 1.51297
0.935484 0.262295 1.63683
0 0.278689 0.885789
0.0322581 0.278689 0.813491
0.0645161 0.278689 0.751033
0.0967742 0.278689 0.699152
0.129032 0.278689 0.662059
0.16129 0.278689 0.645363
0.193548 0.278689 0.646469
0.225806 0.278689 0.650018
0.258065 0.278689 0.656985
0.290323 0.278689 0.676684
0.322581 0.278689 0.682942
0.354839 0.278689 0.713351
0.387097 0.278689 0.747964
0.419355 0.278689 0.714344
0.451613 0.278689 0.876238
0.483871 0.278689 0.758049
0.516129 0.278689 0.838059
0.548387 0.278689 0.848725
0.580645 0.278689 0.859321
0.612903 0.278689 0.899417
0.645161 0.278689 0.927287
0.677419 0.278689 0.963819
0.709677 0.278689 1.01684
0.741935 0.278689 1.07303
0.774194 0.278689 1.13747
0.806452 0.278689 1.20964
0.83871 0.278689 1.29169
0.870968 0.278689 1.39018
0.903226 0.278689 1.50178
0.935484 0.278689 1.629
0 0.295082 0
0.0322581 0.295082 1.63042e-322
