0 0.590164 0.744299
0.0322581 0.590164 0.657854
0.0645161 0.590164 0.581114
0.0967742 0.590164 0.521591
0.129032 0.590164 0.484678
0.16129 0.590164 0.469794
0.193548 0.590164 0.471738
0.225806 0.590164 0.475842
0.258065 0.590164 0.480101
0.290323 0.590164 0.495847
0.322581 0.590164 0.51338
0.354839 0.590164 0.521488
0.387097 0.590164 0.556264
0.419355 0.590164 0.634689
0.451613 0.590164 0.462567
0.483871 0.590164 0.683416
0.516129 0.590164 0.651135
0.548387 0.590164 0.666611
0.580645 0.590164 0.702066
0.612903 0.590164 0.730948
0.645161 0.590164 0.765546
0.677419 0.590164 0.806679
0.709677 0.590164 0.859889
0.741935 0.590164 0.919181
0.774194 0.590164 0.983977
0.806452 0.590164 1.05469
0.83871 0.590164 1.13526
0.870968 0.590164 1.23641
0.903226 0.590164 1.35463
0.935484 0.590164 1.49022
0 0.606557 0.736537
0.0322581 0.606557 0.652914
0.0645161 0.606557 0.579666
0.0967742 0.606557 0.522329
0.129032 0.606557 0.485739
0.16129 0.606557 0.470917
0.193548 0.606557 0.473199
0.225806 0.606557 0.477258
0.258065 0.606557 0.481203
0.290323 0.606557 0.49655
0.322581 0.606557 0.509399
0.354839 0.606557 0.527521
0.387097 0.606557 0.5776
0.419355 0.606557 0.55591
0.451613 0.606557 0.552424
0.483871 0.606557 0.601841
0.516129 0.606557 0.673838
0.548387 0.606557 0.669371
0.580645 0.606557 0.696344
0.612903 0.606557 0.729379
0.645161 0.606557 0.764184
0.677419 0.606557 0.804852
0.709677 0.606557 0.858844
0.741935 0.606557 0.9177
0.774194 0.606557 0.982085
0.806452 0.606557 1.05276
0.83871 0.606557 1.1331
0.870968 0.606557 1.23268
0.903226 0.606557 1.34867
0.935484 0.606557 1.48245
0 0.622951 0.729101
0.0322581 0.622951 0.648498
0.0645161 0.622951 0.57887
0.0967742 0.622951 0.523844
0.129032 0.622951 0.487624
0.16129 0.622951 0.472399
0.193548 0.622951 0.47494
0.225806 0.622951 0.47889
0.258065 0.622951 0.482865
0.290323 0.622951 0.496237
0.322581 0.622951 0.511288
0.354839 0.622951 0.536725
0.387097 0.622951 0.556269
0.419355 0.622951 0.537542
0.451613 0.622951 0.799344
0.483871 0.622951 0.584852
0.516129 0.622951 0.649467
0.548387 0.622951 0.677343
0.580645 0.622951 0.695212
0.612903 0.622951 0.727179
0.645161 0.622951 0.762832
0.677419 0.622951 0.803426
0.709677 0.622951 0.857088
0.741935 0.622951 0.916298
0.774194 0.622951 0.980257
0.806452 0.622951 1.05149
0.83871 0.622951 1.13145
0.870968 0.622951 1.2294
0.903226 0.622951 1.34323
0.935484 0.622951 1.47492
0 0.639344 0
0.0322581 0.639344 1.63042e-322
