0 0.540984 0.768598
0.0322581 0.540984 0.675709
0.0645161 0.540984 0.589929
0.0967742 0.540984 0.525103
0.129032 0.540984 0.487856
0.16129 0.540984 0.473579
0.193548 0.540984 0.47426
0.225806 0.540984 0.479739
0.258065 0.540984 0.486719
0.290323 0.540984 0.502264
0.322581 0.540984 0.513064
0.354839 0.540984 0.534477
0.387097 0.540984 0.60427
0.419355 0.540984 0.56996
0.451613 0.540984 0.567324
0.483871 0.540984 0.620249
0.516129 0.540984 0.704531
0.548387 0.540984 0.681529
0.580645 0.540984 0.707501
0.612903 0.540984 0.743144
0.645161 0.540984 0.776679
0.677419 0.540984 0.818022
0.709677 0.540984 0.870403
0.741935 0.540984 0.929154
0.774194 0.540984 0.995067
0.806452 0.540984 1.06485
0.83871 0.540984 1.14576
0.870968 0.540984 1.25035
0.903226 0.540984 1.37425
0.935484 0.540984 1.51399
0 0.557377 0.7604
0.0322581 0.557377 0.669264
0.0645161 0.557377 0.58611
0.0967742 0.557377 0.522837
0.129032 0.557377 0.485667
0.16129 0.557377 0.471239
0.193548 0.557377 0.472503
0.225806 0.557377 0.477805
0.258065 0.557377 0.484292
0.290323 0.557377 0.497281
0.322581 0.557377 0.511822
0.354839 0.557377 0.547358
0.387097 0.557377 0.555707
0.419355 0.557377 0.515791
0.451613 0.557377 0.650369
0.483871 0.557377 0.564533
0.516129 0.557377 0.652866
0.548387 0.557377 0.696348
0.580645 0.557377 0.704158
0.612903 0.557377 0.736116
0.645161 0.557377 0.773702
0.677419 0.557377 0.814096
0.709677 0.557377 0.866295
0.741935 0.557377 0.925326
0.774194 0.557377 0.990519
0.806452 0.557377 1.06045
0.83871 0.557377 1.1412
0.870968 0.557377 1.24485
0.903226 0.557377 1.3672
0.935484 0.557377 1.50585
0 0.57377 0.752367
0.0322581 0.57377 0.663533
0.0645161 0.57377 0.583504
0.0967742 0.57377 0.52208
0.129032 0.57377 0.484964
0.16129 0.57377 0.470315
0.193548 0.57377 0.471949
0.225806 0.57377 0.476815
0.258065 0.57377 0.481576
0.290323 0.57377 0.495534
0.322581 0.57377 0.516555
0.354839 0.57377 0.537046
0.387097 0.57377 0.531197
0.419355 0.57377 0.643893
0.451613 0.57377 0.747903
0.483871 0.57377 0.692425
0.516129 0.57377 0.629807
0.548387 0.57377 0.681799
0.580645 0.57377 0.707623
0.612903 0.57377 0.732539
0.645161 0.57377 0.768947
0.677419 0.57377 0.81053
0.709677 0.57377 0.863434
0.741935 0.57377 0.922313
0.774194 0.57377 0.987442
0.806452 0.57377 1.05778
0.83871 0.57377 1.13846
0.870968 0.57377 1.24083
0.903226 0.57377 1.36106
0.935484 0.57377 1.49814
0 0.590164 0
0.0322581 0.590164 1.63042e-322
