0 0.393443 0.833973
0.0322581 0.393443 0.742039
0.0645161 0.393443 0.658354
0.0967742 0.393443 0.593328
0.129032 0.393443 0.553624
0.16129 0.393443 0.537246
0.193548 0.393443 0.539137
0.225806 0.393443 0.545098
0.258065 0.393443 0.548996
0.290323 0.393443 0.570102
0.322581 0.393443 0.592916
0.354839 0.393443 0.583395
0.387097 0.393443 0.656684
0.419355 0.393443 0.711392
0.451613 0.393443 0.487602
0.483871 0.393443 0.760091
0.516129 0.393443 0.75646
0.548387 0.393443 0.729303
0.580645 0.393443 0.785678
0.612903 0.393443 0.809371
0.645161 0.393443 0.837784
0.677419 0.393443 0.880336
0.709677 0.393443 0.931777
0.741935 0.393443 0.988973
0.774194 0.393443 1.05388
0.806452 0.393443 1.12641
0.83871 0.393443 1.21012
0.870968 0.393443 1.31601
0.903226 0.393443 1.44004
0.935484 0.393443 1.58025
0 0.409836 0.827273
0.0322581 0.409836 0.733714
0.0645161 0.409836 0.647562
0.0967742 0.409836 0.581334
0.129032 0.409836 0.542055
0.16129 0.409836 0.526675
0.193548 0.409836 0.528105
0.225806 0.409836 0.532703
0.258065 0.409836 0.54105
0.290323 0.409836 0.561911
0.322581 0.409836 0.566125
0.354839 0.409836 0.594848
0.387097 0.409836 0.669317
0.419355 0.409836 0.567774
0.451613 0.409836 0.647912
0.483871 0.409836 0.616444
0.516129 0.409836 0.767804
0.548387 0.409836 0.744518
0.580645 0.409836 0.759967
0.612903 0.409836 0.802583
0.645161 0.409836 0.831688
0.677419 0.409836 0.870123
0.709677 0.409836 0.922961
0.741935 0.409836 0.980617
0.774194 0.409836 1.0451
0.806452 0.409836 1.11683
0.83871 0.409836 1.20016
0.870968 0.409836 1.30661
0.903226 0.409836 1.43203
0.935484 0.409836 1.5732
0 0.42623 0.820759
0.0322581 0.42623 0.725995
0.0645161 0.42623 0.637866
0.0967742 0.42623 0.570892
0.129032 0.42623 0.532243
0.16129 0.42623 0.516989
0.193548 0.42623 0.517403
0.225806 0.42623 0.523678
0.258065 0.42623 0.533747
0.290323 0.42623 0.543911
0.322581 0.42623 0.55791
0.354839 0.42623 0.611854
0.387097 0.42623 0.59518
0.419355 0.42623 0.600224
0.451613 0.42623 0.98301
0.483871 0.42623 0.650335
0.516129 0.42623 0.696518
0.548387 0.42623 0.759608
0.580645 0.42623 0.753334
0.612903 0.42623 0.786465
0.645161 0.42623 0.824464
0.677419 0.42623 0.862907
0.709677 0.42623 0.914356
0.741935 0.42623 0.972534
0.774194 0.42623 1.03798
0.806452 0.42623 1.1091
0.83871 0.42623 1.19184
0.870968 0.42623 1.29863
0.903226 0.42623 1.42487
0.935484 0.42623 1.56648
0 0.442623 0
0.0322581 0.442623 1.63042e-322
