0 0.491803 0.792441
0.0322581 0.491803 0.696863
0.0645161 0.491803 0.606446
0.0967742 0.491803 0.538828
0.129032 0.491803 0.501505
0.16129 0.491803 0.486879
0.193548 0.491803 0.486102
0.225806 0.491803 0.492447
0.258065 0.491803 0.501796
0.290323 0.491803 0.512813
0.322581 0.491803 0.528374
0.354839 0.491803 0.574732
0.387097 0.491803 0.57559
0.419355 0.491803 0.541688
0.451613 0.491803 0.911271
0.483871 0.491803 0.591061
0.516129 0.491803 0.676662
0.548387 0.491803 0.725462
0.580645 0.491803 0.725135
0.612903 0.491803 0.757029
0.645161 0.491803 0.793729
0.677419 0.491803 0.834032
0.709677 0.491803 0.88502
0.741935 0.491803 0.944556
0.774194 0.491803 1.01177
0.806452 0.491803 1.08174
0.83871 0.491803 1.16359
0.870968 0.491803 1.26992
0.903226 0.491803 1.39665
0.935484 0.491803 1.53797
0 0.508197 0.784682
0.0322581 0.508197 0.689599
0.0645161 0.508197 0.600087
0.0967742 0.508197 0.532968
0.129032 0.508197 0.495687
0.16129 0.508197 0.481237
0.193548 0.508197 0.480917
0.225806 0.508197 0.487439
0.258065 0.508197 0.494279
0.290323 0.508197 0.505256
0.322581 0.508197 0.53245
0.354839 0.508197 0.553468
0.387097 0.508197 0.53411
0.419355 0.508197 0.674406
0.451613 0.508197 0.723983
0.483871 0.508197 0.724757
0.516129 0.508197 0.635201
0.548387 0.508197 0.702607
0.580645 0.508197 0.729067
0.612903 0.508197 0.748801
0.645161 0.508197 0.785726
0.677419 0.508197 0.828301
0.709677 0.508197 0.879374
0.741935 0.508197 0.938564
0.774194 0.508197 1.00544
0.806452 0.508197 1.07542
0.83871 0.508197 1.15702
0.870968 0.508197 1.263
0.903226 0.508197 1.38914
0.935484 0.508197 1.53014
0 0.52459 0.776639
0.0322581 0.52459 0.682446
0.0645161 0.52459 0.594518
0.0967742 0.52459 0.528375
0.129032 0.52459 0.491036
0.16129 0.52459 0.47679
0.193548 0.52459 0.477255
0.225806 0.52459 0.483137
0.258065 0.52459 0.48926
0.290323 0.52459 0.505428
0.322581 0.52459 0.526432
0.354839 0.52459 0.526472
0.387097 0.52459 0.576954
0.419355 0.52459 0.672843
0.451613 0.52459 0.30723
0.483871 0.52459 0.721553
0.516129 0.52459 0.676366
0.548387 0.52459 0.677388
0.580645 0.52459 0.721563
0.612903 0.52459 0.747422
0.645161 0.52459 0.780631
0.677419 0.52459 0.82332
0.709677 0.52459 0.874763
0.741935 0.52459 0.93346
0.774194 0.52459 0.999691
0.806452 0.52459 1.06949
0.83871 0.52459 1.15078
0.870968 0.52459 1.25611
0.903226 0.52459 1.38141
0.935484 0.52459 1.52198
0 0.540984 0
0.0322581 0.540984 1.63042e-322
