0.290323 0.129032 0.564395
0.322581 0.129032 0.576679
0.354839 0.129032 0.585797
0.387097 0.129032 0.592202
0.419355 0.129032 0.5962
0.451613 0.129032 0.597976
0.483871 0.129032 0.597609
0.516129 0.129032 0.59508
0.548387 0.129032 0.590267
0.580645 0.129032 0.58293
0.612903 0.129032 0.572681
0.645161 0.129032 0.558929
0.677419 0.129032 0.540731
0.709677 0.129032 0.516394
0.741935 0.129032 0.481964
0.774194 0.129032 0.455301
0.806452 0.129032 0.415047
0.83871 0.129032 0.361661
0.870968 0.129032 0.29358
0.903226 0.129032 0.209433
0.935484 0.129032 0.109933
0 0.16129 0.0903968
0.0322581 0.16129 0.174453
0.0645161 0.16129 0.2485
0.0967742 0.16129 0.311185
0.129032 0.16129 0.362952
0.16129 0.16129 0.405085
0.193548 0.16129 0.439078
0.225806 0.16129 0.466324
0.258065 0.16129 0.488008
0.290323 0.16129 0.505083
0.322581 0.16129 0.51829
0.354839 0.16129 0.528191
0.387097 0.16129 0.535196
0.419355 0.16129 0.539588
0.451613 0.16129 0.541542
0.483871 0.16129 0.541136
0.516129 0.16129 0.538351
0.548387 0.16129 0.533074
0.580645 0.16129 0.52508
0.612903 0.16129 0.514022
0.645161 0.16129 0.499397
0.677419 0.16129 0.480515
0.709677 0.16129 0.456533
0.741935 0.16129 0.426931
0.774194 0.16129 0.394701
0.806452 0.16129 0.354364
0.83871 0.16129 0.304116
0.870968 0.16129 0.242929
0.903226 0.16129 0.170592
0.935484 0.16129 0.0884314
0 0.193548 0.0758712
0.0322581 0.193548 0.147458
0.0645161 0.193548 0.211987
0.0967742 0.193548 0.267873
0.129032 0.193548 0.315262
0.16129 0.193548 0.35491
0.193548 0.193548 0.387741
0.225806 0.193548 0.414669
0.258065 0.193548 0.436521
0.290323 0.193548 0.454006
0.322581 0.193548 0.467703
0.354839 0.193548 0.478071
0.387097 0.193548 0.485456
0.419355 0.193548 0.490106
0.451613 0.193548 0.492178
0.483871 0.193548 0.491744
0.516129 0.193548 0.48879
0.548387 0.193548 0.483217
0.580645 0.193548 0.474837
0.612903 0.193548 0.463363
0.645161 0.193548 0.448408
0.677419 0.193548 0.429501
0.709677 0.193548 0.406157
0.741935 0.193548 0.378091
0.774194 0.193548 0.345455
0.806452 0.193548 0.306435
0.83871 0.193548 0.259846
0.870968 0.193548 0.205148
0.903226 0.193548 0.142562
0.935484 0.193548 0.0733533
0 0.225806 0.065682
0.0322581 0.225806 0.128294
0.0645161 0.225806 0.185537
0.0967742 0.225806 0.235042
0.129032 0.225806 0.277766
0.16129 0.225806 0.3144
0.193548 0.225806 0.34548
0.225806 0.225806 0.371526
0.258065 0.225806 0.393051
0.290323 0.225806 0.410534
0.322581 0.225806 0.424394
0.354839 0.225806 0.43498
0.387097 0.225806 0.442567
0.419355 0.225806 0.447361
0.451613 0.225806 0.449498
0.483871 0.225806 0.449042
0.516129 0.225806 0.445986
0.548387 0.225806 0.440252
0.580645 0.225806 0.431688
0.612903 0.225806 0.42007
0.645161 0.225806 0.405111
0.677419 0.225806 0.386474
0.709677 0.225806 0.363822
0.741935 0.225806 0.336863
0.774194 0.225806 0.30531
0.806452 0.225806 0.2684
0.83871 0.225806 0.225546
0.870968 0.225806 0.176565
0.903226 0.225806 0.121833
0.935484 0.225806 0.0623993
0 0.258065 0.0584945
0.0322581 0.258065 0.115059
0.0645161 0.258065 0.16796
0.0967742 0.258065 0.210615
0.129032 0.258065 0.248409
0.16129 0.258065 0.281856
0.193548 0.258065 0.31097
0.225806 0.258065 0.335874
0.258065 0.258065 0.356803
0.290323 0.258065 0.374033
0.322581 0.258065 0.38784
0.354839 0.258065 0.398469
0.387097 0.258065 0.406124
0.419355 0.258065 0.41097
0.451613 0.258065 0.413125
0.483871 0.258065 0.412647
0.516129 0.258065 0.409537
0.548387 0.258065 0.403735
0.580645 0.258065 3.27511e-319
0.612903 0.258065 0
