0 0.786885 0.668719
0.0322581 0.786885 0.632667
0.0645161 0.786885 0.598485
0.0967742 0.786885 0.56611
0.129032 0.786885 0.542382
0.16129 0.786885 0.532286
0.193548 0.786885 0.530112
0.225806 0.786885 0.529242
0.258065 0.786885 0.532259
0.290323 0.786885 0.543424
0.322581 0.786885 0.552533
0.354839 0.786885 0.564778
0.387097 0.786885 0.584323
0.419355 0.786885 0.607851
0.451613 0.786885 0.626764
0.483871 0.786885 0.648396
0.516129 0.786885 0.664023
0.548387 0.786885 0.688953
0.580645 0.786885 0.715869
0.612903 0.786885 0.750416
0.645161 0.786885 0.790911
0.677419 0.786885 0.83392
0.709677 0.786885 0.889457
0.741935 0.786885 0.951296
0.774194 0.786885 1.01678
0.806452 0.786885 1.08114
0.83871 0.786885 1.14991
0.870968 0.786885 1.2277
0.903226 0.786885 1.31205
0.935484 0.786885 1.40693
0 0.803279 0.662316
0.0322581 0.803279 0.631796
0.0645161 0.803279 0.602623
0.0967742 0.803279 0.573856
0.129032 0.803279 0.553115
0.16129 0.803279 0.545075
0.193548 0.803279 0.544926
0.225806 0.803279 0.544385
0.258065 0.803279 0.548376
0.290323 0.803279 0.559418
0.322581 0.803279 0.568721
0.354839 0.803279 0.580751
0.387097 0.803279 0.599599
0.419355 0.803279 0.618757
0.451613 0.803279 0.639308
0.483871 0.803279 0.657696
0.516129 0.803279 0.681236
0.548387 0.803279 0.706445
0.580645 0.803279 0.735557
0.612903 0.803279 0.770961
0.645161 0.803279 0.811726
0.677419 0.803279 0.854618
0.709677 0.803279 0.907889
0.741935 0.803279 0.968908
0.774194 0.803279 1.03045
0.806452 0.803279 1.09136
0.83871 0.803279 1.15588
0.870968 0.803279 1.23003
0.903226 0.803279 1.30997
0.935484 0.803279 1.40003
0 0.819672 0.655534
0.0322581 0.819672 0.630592
0.0645161 0.819672 0.606241
0.0967742 0.819672 0.581649
0.129032 0.819672 0.563568
0.16129 0.819672 0.558212
0.193548 0.819672 0.559458
0.225806 0.819672 0.560743
0.258065 0.819672 0.565097
0.290323 0.819672 0.576395
0.322581 0.819672 0.587469
0.354839 0.819672 0.599023
0.387097 0.819672 0.617357
0.419355 0.819672 0.638088
0.451613 0.819672 0.671989
0.483871 0.819672 0.678715
0.516129 0.819672 0.701985
0.548387 0.819672 0.728619
0.580645 0.819672 0.758319
0.612903 0.819672 0.795058
0.645161 0.819672 0.83348
0.677419 0.819672 0.875865
0.709677 0.819672 0.927992
0.741935 0.819672 0.985573
0.774194 0.819672 1.04452
0.806452 0.819672 1.10082
0.83871 0.819672 1.16232
0.870968 0.819672 1.23263
0.903226 0.819672 1.3087
0.935484 0.819672 1.39335
0 0.836066 0
0.0322581 0.836066 1.63042e-322
