0 0.737705 0.685777
0.0322581 0.737705 0.633395
0.0645161 0.737705 0.586193
0.0967742 0.737705 0.54537
0.129032 0.737705 0.515771
0.16129 0.737705 0.502139
0.193548 0.737705 0.500194
0.225806 0.737705 0.502154
0.258065 0.737705 0.507094
0.290323 0.737705 0.519517
0.322581 0.737705 0.531259
0.354839 0.737705 0.546883
0.387097 0.737705 0.572541
0.419355 0.737705 0.592022
0.451613 0.737705 0.602664
0.483871 0.737705 0.634428
0.516129 0.737705 0.654579
0.548387 0.737705 0.674113
0.580645 0.737705 0.697191
0.612903 0.737705 0.727683
0.645161 0.737705 0.764393
0.677419 0.737705 0.805249
0.709677 0.737705 0.857846
0.741935 0.737705 0.917254
0.774194 0.737705 0.983966
0.806452 0.737705 1.05344
0.83871 0.737705 1.13005
0.870968 0.737705 1.21831
0.903226 0.737705 1.31639
0.935484 0.737705 1.42633
0 0.754098 0.680307
0.0322581 0.754098 0.632937
0.0645161 0.754098 0.589534
0.0967742 0.754098 0.550463
0.129032 0.754098 0.522139
0.16129 0.754098 0.508745
0.193548 0.754098 0.505972
0.225806 0.754098 0.506163
0.258065 0.754098 0.510109
0.290323 0.754098 0.522239
0.322581 0.754098 0.532544
0.354839 0.754098 0.548752
0.387097 0.754098 0.569
0.419355 0.754098 0.580288
0.451613 0.754098 0.61599
0.483871 0.754098 0.622606
0.516129 0.754098 0.649259
0.548387 0.754098 0.673849
0.580645 0.754098 0.697181
0.612903 0.754098 0.727132
0.645161 0.754098 0.765553
0.677419 0.754098 0.806752
0.709677 0.754098 0.861193
0.741935 0.754098 0.922411
0.774194 0.754098 0.989771
0.806452 0.754098 1.05937
0.83871 0.754098 1.13477
0.870968 0.754098 1.22131
0.903226 0.754098 1.31513
0.935484 0.754098 1.42027
0 0.770492 0.67462
0.0322581 0.770492 0.632789
0.0645161 0.770492 0.593707
0.0967742 0.770492 0.557722
0.129032 0.770492 0.531327
0.16129 0.770492 0.519156
0.193548 0.770492 0.516481
0.225806 0.770492 0.515456
0.258065 0.770492 0.519474
0.290323 0.770492 0.53063
0.322581 0.770492 0.540623
0.354839 0.770492 0.554595
0.387097 0.770492 0.573667
0.419355 0.770492 0.59926
0.451613 0.770492 0.65407
0.483871 0.770492 0.638909
0.516129 0.770492 0.654008
0.548387 0.770492 0.678471
0.580645 0.770492 0.703557
0.612903 0.770492 0.736033
0.645161 0.770492 0.775306
0.677419 0.770492 0.818103
0.709677 0.770492 0.871976
0.741935 0.770492 0.93469
0.774194 0.770492 1.00132
0.806452 0.770492 1.0692
0.83871 0.770492 1.14211
0.870968 0.770492 1.22446
0.903226 0.770492 1.3136
0.935484 0.770492 1.41362
0 0.786885 0
0.0322581 0.786885 1.63042e-322
