0 0.885246 0.623728
0.0322581 0.885246 0.618576
0.0645161 0.885246 0.618109
0.0967742 0.885246 0.615223
0.129032 0.885246 0.613426
0.16129 0.885246 0.616769
0.193548 0.885246 0.623594
0.225806 0.885246 0.63085
0.258065 0.885246 0.640043
0.290323 0.885246 0.653076
0.322581 0.885246 0.667812
0.354839 0.885246 0.689369
0.387097 0.885246 0.716344
0.419355 0.885246 0.746373
0.451613 0.885246 0.786531
0.483871 0.885246 0.798033
0.516129 0.885246 0.815122
0.548387 0.885246 0.838681
0.580645 0.885246 0.863811
0.612903 0.885246 0.893931
0.645161 0.885246 0.931312
0.677419 0.885246 0.970815
0.709677 0.885246 1.0164
0.741935 0.885246 1.06503
0.774194 0.885246 1.11222
0.806452 0.885246 1.15649
0.83871 0.885246 1.2031
0.870968 0.885246 1.25321
0.903226 0.885246 1.30321
0.935484 0.885246 1.36616
0 0.901639 0.615318
0.0322581 0.901639 0.614541
0.0645161 0.901639 0.618345
0.0967742 0.901639 0.62126
0.129032 0.901639 0.624515
0.16129 0.901639 0.631475
0.193548 0.901639 0.640478
0.225806 0.901639 0.650116
0.258065 0.901639 0.663095
0.290323 0.901639 0.679801
0.322581 0.901639 0.698253
0.354839 0.901639 0.722517
0.387097 0.901639 0.75128
0.419355 0.901639 0.780705
0.451613 0.901639 0.812369
0.483871 0.901639 0.829727
0.516129 0.901639 0.851271
0.548387 0.901639 0.876617
0.580645 0.901639 0.901672
0.612903 0.901639 0.930424
0.645161 0.901639 0.96422
0.677419 0.901639 0.999853
0.709677 0.901639 1.04066
0.741935 0.901639 1.08552
0.774194 0.901639 1.12917
0.806452 0.901639 1.16989
0.83871 0.901639 1.21288
0.870968 0.901639 1.25807
0.903226 0.901639 1.30489
0.935484 0.901639 1.36193
0 0.918033 0.606452
0.0322581 0.918033 0.611011
0.0645161 0.918033 0.619746
0.0967742 0.918033 0.628478
0.129032 0.918033 0.63727
0.16129 0.918033 0.648346
0.193548 0.918033 0.659742
0.225806 0.918033 0.671681
0.258065 0.918033 0.687704
0.290323 0.918033 0.70838
0.322581 0.918033 0.730842
0.354839 0.918033 0.756861
0.387097 0.918033 0.785939
0.419355 0.918033 0.815157
0.451613 0.918033 0.845601
0.483871 0.918033 0.865226
0.516129 0.918033 0.888971
0.548387 0.918033 0.914831
0.580645 0.918033 0.939946
0.612903 0.918033 0.967427
0.645161 0.918033 0.997804
0.677419 0.918033 1.03039
0.709677 0.918033 1.06825
0.741935 0.918033 1.10998
0.774194 0.918033 1.15071
0.806452 0.918033 1.188
0.83871 0.918033 1.22691
0.870968 0.918033 1.2672
0.903226 0.918033 1.30925
0.935484 0.918033 1.3578
0 0.934426 0
0.0322581 0.934426 1.63042e-322
